11080
11176
14261
19421
19466
27511
143
2257
4949
15138
18024
24196
4571
23284
26728
12394
20180
26288
8637
14020
9567
11196
12220
15584
17640
18805
22280
24869
2410
28410
6352
25329
24242
12168
29203
7963
9620
21865
8689
12352
7868
911
2452
6104
9657
29547
5470
7850
23861
10282
679
25372
12055
24541
8278
7680
26722
11767
554
2367
3627
12068
3228
7105
12287
16821
25415
3362
6672
27117
17958
10171
12586
15019
2683
3658
27791
10840
4220
10702
1666
8792
29364
527
3032
4078
14482
12541
22359
23407
23779
12271
25366
5848
6203
17214
7812
21628
18002
24306
22313
25669
2198
15661
7997
15096
7737
1691
14887
24060
27625
28017
15405
16754
19217
8257
18075
21336
4324
12674
3740
22246
21911
29231
10726
12243
13975
22179
17606
8027
819
27155
25733
22482
5627
24984
17959
6158
19394
22269
241
18843
8409
9948
1037
19686
27446
10893
23013
28975
1031
9472
5593
19523
20506
15414
18180
18879
1015
6548
7045
22552
22583
19660
1079
15322
15811
24765
13103
