29551
2251
15622
23541
26866
10555
22749
21659
19197
15298
18392
11196
8799
22489
20803
5474
20300
26523
10051
21838
21847
5051
9817
10329
13779
4254
16918
2729
10106
3699
7086
7380
2257
2655
21994
16550
13483
23632
19523
4238
16716
13259
12168
15639
6482
1681
15158
27544
22852
10718
10948
15906
4648
679
21950
3458
23465
20425
25029
21092
25420
3074
21672
21899
26722
25169
14261
6908
3228
19539
8996
26378
28855
19974
5330
11176
18558
20182
18024
1756
12394
25618
18730
8637
18227
21078
3677
25631
26288
26614
23863
15584
27133
2367
29022
2349
28438
16463
23656
4499
7105
4970
7997
27618
16628
10726
1392
2173
13097
19199
23621
13554
4076
2176
8693
7868
11124
26297
12828
14150
21683
11465
5285
25570
20297
4239
24960
7827
4080
23896
16009
22499
8702
7692
12964
15446
13087
27609
19048
28548
8519
9210
25207
28561
7560
12285
29203
22317
24503
1293
16939
29099
2683
24601
20207
366
9563
23134
215
10840
17920
26485
14020
9140
11679
1831
28481
16564
15138
1428
24977
3746
18075
19891
24274
13093
2605
13772
25733
3787
13737
27415
2033
8689
6968
785
20979
3619
14942
10908
21336
3774
25372
27791
11687
13020
16110
5640
11052
17647
9544
17706
23214
2804
155
4731
23829
28985
11790
27205
471
15661
2368
25687
16474
27906
25927
28243
8662
22367
24081
4510
18977
16818
10604
1446
27501
17458
7626
14294
7221
949
12220
5266
241
29446
11531
23409
11431
5848
4545
12329
11078
11000
6352
21841
5712
10702
28270
8511
9111
13778
21503
18180
4949
11080
26728
10916
21681
7473
14273
6147
25333
1461
8365
15231
22359
15718
10169
7059
20417
8148
2945
26754
10570
23662
1642
5372
8816
26973
12230
15159
15019
16176
23907
23340
2375
22727
14694
17747
20516
9838
15534
21372
29445
19496
3852
23516
6401
4662
26619
5740
9275
18529
4329
24986
28605
15018
26464
18741
24978
16540
11983
4919
3308
28653
17060
21975
24788
17072
19014
4078
4220
2452
9441
11977
7871
13493
5267
26972
11612
18369
14580
18868
5429
2999
17280
2963
20083
20206
25753
24460
1432
7260
16411
2333
4571
19475
21657
143
5957
11272
12358
20471
27543
25177
26969
9486
13672
25651
11578
12142
28049
24158
4452
21110
6211
15721
7297
19574
7179
12994
8628
17429
11767
1672
6326
16609
3564
11849
23448
9658
20536
4059
4808
27168
4324
9195
25117
25653
25500
16663
7323
21865
22393
23735
5896
18736
15874
16028
22218
8278
11073
25092
18712
20184
25022
2353
18805
2872
26451
12055
16311
6364
12943
11378
28899
5306
11391
22877
25240
361
9688
9341
28885
2610
28992
25424
2942
15142
12588
22126
22736
12352
17758
11857
16011
4931
617
4172
27272
19680
6672
8868
2899
18964
17629
4939
25888
9213
18597
6215
14603
13561
23421
12159
12914
13773
10970
13482
14902
26031
23774
28410
18575
27840
10176
22246
12627
4338
937
3403
21930
28149
5670
19660
14266
12795
1533
23798
18611
12606
6740
22244
28924
15831
29008
5184
239
18013
5627
12702
1691
281
1073
1010
24645
4683
11280
23475
11688
27155
5067
14678
24323
17641
24196
24519
13112
12283
26394
5151
17084
13942
14914
11018
26216
12586
7427
9569
12512
16323
26314
19374
931
125
15638
15449
6880
16488
7340
3068
22484
17483
25793
24541
27210
13853
1773
9479
19796
19814
1966
20658
3361
15308
9242
8027
8257
23351
11447
12133
18515
10449
18624
21995
12453
2198
5779
527
6348
16094
25260
10879
20846
28937
13240
19862
29197
15401
8565
21219
201
20127
2669
25933
17640
10058
10352
3145
5998
8738
6080
22547
20180
16279
1666
251
9612
22058
4896
27186
4525
12475
22420
24685
13592
28466
882
1962
11328
21747
12933
18544
8805
15086
8028
24377
27998
17020
849
11936
2167
12490
20393
21243
9138
8943
14535
29153
9906
2128
21050
1249
29490
14194
22731
6820
12327
25558
22280
19029
20648
23928
7262
28184
11175
10778
2436
25060
23623
17090
3515
15820
26127
17061
4960
24461
15934
25830
7169
20902
4647
444
22052
18292
8327
504
28065
8383
14165
8090
9848
28626
14120
15538
15645
22916
23304
28631
19381
16979
8414
10914
14590
16965
2762
647
25086
17958
24281
11652
26736
6104
993
22887
29313
6143
2382
12977
15507
6571
3714
19903
28053
8219
6828
12189
3686
13124
8316
14498
3627
12175
13844
20724
18808
4667
10480
17664
19458
14119
13162
6050
18678
27117
25380
17960
2803
374
17119
255
27204
4003
3590
14577
20484
26011
14526
11330
13998
10014
3926
13757
18758
20826
3723
23538
27052
21334
1384
13873
9745
712
14265
3658
3168
22319
21914
22400
3164
9021
22680
22828
1591
3384
16887
19993
22556
8939
18508
12560
10097
27035
9290
17882
19875
3196
13049
17400
25820
15606
14575
23202
17945
13745
8965
4694
6319
20154
26315
10584
1335
18937
11263
17438
12637
20630
16406
3362
28791
14413
23482
19702
24969
27435
2000
19615
3252
17880
3935
21796
15672
682
554
11029
28687
9549
3390
23861
1530
4039
16722
5094
20750
18523
5211
18465
26546
2971
17228
24831
