10018000	25372
10018000	7868
10052000	22280
10052000	25372
10052000	6352
10052000	6548
10052000	7680
10052000	7812
10054250	10171
10054250	1079
10054250	14261
10054250	19660
10054250	25372
10054250	29203
10054250	679
10057000	27625
10063000	10893
10063000	2257
10063000	679
10063000	8689
10064500	12220
10064500	12394
10064500	22280
10064500	22583
10064500	28017
10069500	15322
10069500	15584
10069500	4571
10069500	7868
10069500	8637
10095000	14261
10095000	18805
10095000	9657
10119250	2257
10185750	2257
10224750	21865
10229250	11176
10229250	11767
10229250	15019
10229250	3627
10229250	8689
10234000	14020
10234000	15811
10234000	24306
10234000	28975
10234000	3740
10234000	4078
1025250	29203
10261750	14261
10261750	18805
10297000	4324
10302500	679
10309250	10282
10309250	10702
10309250	12541
10309250	18024
10309250	5848
10312750	12352
10312750	18805
10312750	2257
10312750	24306
10312750	26728
10312750	3627
10312750	4571
10312750	6672
10312750	7868
10312750	9620
10393750	24541
10393750	2683
10401500	11080
10401500	18805
10401500	19421
10401500	19466
10401500	24541
10401500	25329
10401500	26722
10401500	27791
10401500	7868
10443000	11176
10443000	12271
10443000	12352
10443000	14261
10443000	143
10443000	18024
10443000	18805
10443000	19466
10443000	3627
10443000	4571
10443000	4949
10443000	8689
10443000	9620
1046250	25329
1046250	26722
1046250	27791
10492250	11176
10492250	11767
10492250	12220
10492250	12352
10492250	12394
10492250	12586
10492250	14020
10492250	18075
10492250	18805
10492250	21336
10492250	22482
10492250	2452
10492250	24984
10492250	26722
10492250	26728
10492250	27511
10492250	4949
10492250	6672
10492250	7812
10492250	7868
10521000	15138
10521000	25415
10521000	3228
10521000	7868
10521000	9472
10533750	14261
10533750	14482
10539250	14020
10539250	27625
10566000	7868
10578000	18024
10578000	7868
10588000	14020
10588000	15138
10592000	11176
10592000	11767
10592000	12220
10592000	12352
10592000	21628
10592000	21865
10592000	2257
10592000	24541
10592000	25372
10592000	28410
10592000	4949
10592000	9620
10592750	7868
10592750	9567
10619000	12352
10619000	29547
10619000	4949
10619000	7963
10628500	14482
10628500	19394
10628500	24869
10628500	25372
10628500	9567
1063000	15019
10642000	11176
10642000	12541
10642000	15138
10642000	20180
10642000	2367
10642000	24869
10642000	25733
10642000	3032
10642000	3627
10642000	4949
10642000	7868
10642000	8637
10642000	911
10653250	12352
10653250	143
10653250	18024
10653250	18843
10653250	2367
10653250	2452
10653250	24869
10653250	29203
10653250	7105
10653250	7868
10696000	14887
10696000	26288
10696000	3740
10713250	15661
10713250	21865
10713250	29203
1074500	9567
1074750	10171
1074750	11080
1074750	11196
1074750	21865
1074750	2257
1074750	28410
1074750	3228
1074750	679
1074750	7105
1074750	7868
10768750	6672
10773000	12352
10773000	18805
10773000	2257
10773000	24765
10773000	6203
10773000	911
10773000	9620
10774750	12352
10774750	143
10774750	27446
10774750	6672
10774750	8689
10774750	911
10818500	14261
10818500	24869
10818500	5848
10818500	7868
10840750	12220
10840750	15584
10840750	7105
10840750	8689
1086750	11080
1086750	7868
10915250	18075
10915250	21911
10944750	12055
10944750	25372
10944750	29547
10944750	679
10966250	11176
10966250	8689
10972250	23779
10976250	12394
10976250	14482
10976250	5848
1104500	12168
1104500	12220
1104500	2257
1104500	26722
1104500	2683
1104500	3228
1104500	7868
11111500	25372
11129250	11080
11129250	12168
11129250	14261
11129250	143
11129250	18805
11129250	2257
11129250	24541
11129250	26722
11129250	28410
11129250	3627
11129250	4571
11129250	4949
11129250	6672
11129250	7868
11129250	8637
11131750	10726
11131750	12271
11131750	14482
11131750	2410
11142000	11080
11142000	11176
11142000	12352
11142000	143
11142000	14887
11142000	18805
11142000	3627
11142000	4571
11142000	7868
11158000	11080
11158000	14020
11158000	28410
11158000	7105
11158000	7868
11158000	8637
11169500	12220
11169500	14020
11169500	14261
11169500	15584
11169500	17640
11169500	25366
11169500	27511
11169500	4220
11169500	6352
11169500	7868
1118250	11176
1118250	17214
1118250	24306
1118250	6672
11220500	3627
11225500	3740
11283500	12220
11300000	11176
11300000	4571
11307500	14482
11307500	19421
11307500	22359
11313000	11080
11313000	11196
11313000	12394
11313000	14020
11313000	143
11313000	15811
11313000	18075
11313000	21865
11313000	22280
11313000	24869
11313000	27625
11313000	28017
11313000	3228
11313000	7105
11313000	7868
11313000	7963
11313000	8637
11313000	9567
11321750	12586
11321750	29547
11321750	7997
11340250	12394
11340250	2257
11340250	241
11340250	25329
11340250	25366
11340250	7105
11352000	11080
11391250	10840
1140750	12541
1140750	143
1140750	15138
1140750	19421
1140750	21865
1140750	2198
1140750	22313
1140750	25669
1140750	28410
1140750	3032
1140750	3627
1140750	8689
11440500	15584
11440500	29203
11440500	679
11493000	7868
11493000	8689
11494250	12352
11494250	18805
11503250	26722
11527500	25372
11527500	27791
11527500	4078
11535250	11080
11535250	12220
11535250	12394
11535250	14020
11535250	2257
11535250	26722
11535250	7105
11552750	11080
11552750	19217
11552750	24869
11558000	12674
11558000	14020
11564250	6104
11579750	11196
11579750	14261
11579750	26722
11590500	7868
11601500	11080
11601500	12220
11601500	19394
11601500	23407
11612500	12220
11612500	12394
11612500	25372
11612500	29203
11613500	2257
11613500	7105
11613500	7868
11632250	12220
11632250	18024
11632250	23861
11632250	25372
11646500	11176
11683250	12541
11683250	15661
11683250	25372
11701500	14020
11701500	22280
11701500	23284
11701500	24060
11701500	2410
11701500	24196
11701500	27511
11701500	29203
11701500	5848
11701500	7963
11711250	14020
11730000	15661
11730000	18024
11730000	23779
11730000	29364
11734000	14261
1173500	10702
1173500	15019
1173500	15661
1173500	24541
1173500	5848
1173500	7997
11747250	11080
11747250	17959
11747250	18805
11747250	19466
11747250	28410
11747250	3627
11747250	8689
11747250	9620
11761750	15584
11761750	17958
11761750	23407
11782250	18002
11794250	12220
11794250	22280
11794250	6352
1181250	15096
1181250	23284
1181250	6203
11874000	12220
11874000	14020
11874000	3740
1189000	11176
1189000	15584
1189000	4949
11894500	15138
11896000	14020
11896000	8637
11923000	8689
11936000	12352
11939000	11196
11939000	11767
11939000	2257
11939000	24869
11947000	11080
11947000	12168
11947000	13103
11947000	679
11947000	7868
1194750	11080
1194750	24869
1194750	25366
1194750	2683
1194750	27117
1194750	3627
1194750	6104
1194750	7737
1194750	8637
1194750	8689
11949750	11080
11949750	2198
11949750	29547
11957000	12586
11957000	14261
11957000	3658
11957000	7963
11984750	11176
11984750	12352
11984750	14482
11984750	16754
11984750	18805
11984750	2257
11984750	26722
11984750	2683
11984750	3627
11984750	4571
11984750	6672
11984750	8689
11984750	911
12008000	14261
12008000	241
12016750	11176
12027000	21865
12065000	24196
12142750	17214
12142750	5848
12154500	11767
12154500	14261
12154500	17214
12154500	17640
12154500	20180
12154500	27446
12154500	3627
12154500	4571
12154500	5470
12154500	7868
12154500	8792
12173500	15405
12173500	3627
12173500	554
12215000	11176
12215000	12352
12215000	14261
12215000	18805
12215000	4949
12215000	6672
12215000	679
12215000	7868
12215000	8637
12215000	8689
12229000	21865
12229000	7868
12231250	14261
12231250	21865
12231250	26288
12231250	26722
12231250	3627
12234750	11080
12234750	4078
12239250	12271
12239250	14261
12275500	24196
12275500	25372
12331000	16821
12371000	12394
12371000	2257
12371000	24541
12371000	25372
12377250	11080
12377250	14020
12377250	15138
12377250	18075
12377250	2410
12377250	24196
12377250	25372
12377250	25669
12377250	27625
12377250	29231
12377250	3228
12377250	679
12377250	7868
12377250	8689
12377250	9567
12384250	23284
12384250	7737
12388250	11176
1240250	12352
1240250	14261
1240250	8689
12417500	7963
1244250	1691
1247000	14261
1324500	12394
1324500	2198
1324500	7868
1381000	12220
1381000	14261
1381000	21865
1381000	2257
1381000	2367
1381000	25329
1446250	11080
1446250	14020
1446250	14887
1446250	26722
1446250	7105
1446250	8689
145750	11196
145750	24242
1459000	25372
1459750	12220
1459750	14020
1459750	2683
1459750	554
1492500	11080
1492500	14261
1492500	16821
1492500	21865
1492500	2257
1492500	3228
1492500	3627
1492500	7868
1492500	8689
1517000	4078
1525000	9620
1528500	10840
1528500	12541
1528500	22280
1528500	5848
1531250	11176
1531250	12168
1531250	12220
1531250	12352
1531250	12394
1531250	14020
1531250	2198
1531250	22359
1531250	24060
1531250	25372
1531250	27625
1531250	3228
1531250	4949
1531250	527
1531250	7105
154500	11176
154500	12168
154500	29203
1561250	11080
1561250	12168
1561250	12220
1561250	12352
1561250	14020
1561250	14261
1561250	143
1561250	25329
1561250	26722
1561250	28017
1561250	3627
1561250	4949
1561250	5470
1561250	679
1561250	7105
1561250	7868
1561250	8689
1617250	12068
1617250	12168
1617250	18024
1617250	22359
1617250	23284
1617250	25372
1617250	27791
1617250	28410
1617250	8637
1620500	14887
1622500	11080
1622500	11176
1622500	14261
1622500	14887
1622500	15405
1622500	18024
1622500	23779
1622500	24869
1622500	679
1622500	7868
1629250	12220
1629250	12394
1629250	143
1629250	18024
1629250	22280
1629250	24196
1629250	7868
1661750	11080
1661750	15138
1661750	3228
1661750	7868
1661750	8689
1688750	12220
1710500	11176
1710500	12352
1710500	14261
1710500	29547
1710500	4949
1710500	7868
1710500	8637
1724000	11080
1724000	18024
1724250	14020
1724250	2410
1724250	24306
1724250	3228
1724250	9567
1727500	7812
1758250	27791
1758250	29547
1767500	17214
1782250	8637
1792000	12586
1792000	15019
1812000	11196
1812000	26722
1812000	27625
1812000	28410
1812000	3228
1812000	7105
1812000	7868
1832000	3362
1838750	3228
1855750	7105
190500	21865
190500	7963
190500	9620
1906000	16754
1906000	2683
1909250	12541
1909250	22280
1909250	2410
1909250	25372
1909250	28410
1909250	4078
1909250	679
1911500	11196
1911500	14261
1911500	19421
1911500	22280
1911500	2257
1911500	26722
1911500	3228
1911500	3627
1911500	4949
1911500	7105
1911500	8689
1934750	23284
1934750	25372
1934750	7868
19500	11080
19500	11176
19500	14261
19500	143
19500	19421
19500	19466
19500	2257
19500	27511
19500	4949
1953250	12352
1953250	14020
1953250	3658
1966250	11176
1966250	12168
1966250	2257
1966250	26722
1966250	28410
1966250	3228
1966250	3627
1966250	6672
1966250	7105
1966250	7737
1969000	12220
1969000	18002
1969000	4571
1971500	18024
1971500	19217
1971500	19421
1971500	19466
1971500	25329
1971500	25366
1971500	27791
1971500	527
1971500	8257
1971500	8637
1985250	11196
1985250	15138
1985250	18075
1985250	24196
1985250	2683
200250	11176
200250	12352
200250	29203
200250	8689
2033500	11176
2033500	12220
2033500	12352
2033500	3627
2033500	4571
2033500	4949
2033500	6672
2033500	7868
2033500	8689
2050000	10282
2050000	10702
2050000	143
2050000	20180
2050000	21336
2050000	23779
2050000	27791
2050000	4324
2050000	8637
2050000	8689
2076000	18024
2076000	2367
2078000	11080
2078000	12271
2078000	14020
2078000	22280
2078000	24060
2078000	9620
2088000	14261
2088000	26722
2103250	12352
2103250	12394
2103250	18075
2103250	18805
2103250	22280
2103250	22359
2103250	23779
2103250	24541
2103250	4078
2168250	18002
2168250	23284
2168250	7868
2168250	8689
2182750	2257
2182750	8689
2187500	29203
2198750	12220
2198750	12394
2200750	11080
2200750	11176
2200750	12068
2200750	12541
2200750	12674
2200750	14020
2200750	143
2200750	18805
2200750	27511
2200750	4571
2232500	11080
2232500	11176
2232500	14261
2232500	19217
2232500	3627
2232500	3740
2253250	11080
2253250	11196
2253250	14261
2253250	18075
2253250	2683
2253250	27791
2253250	29547
2253250	679
2253250	7868
2316250	12271
2316250	14020
2316250	26288
2316250	4571
2316250	679
2316250	9657
232000	21865
232000	27511
232000	29203
232000	7868
2331750	15138
2331750	17214
2331750	18805
2331750	21865
2331750	3627
2331750	7868
236000	2452
236000	6104
236000	8637
236000	911
236000	9567
2364500	11080
2378500	25372
2386250	12394
2386250	27625
239250	11080
239250	18805
239250	24196
239250	29547
239250	5470
239250	7850
239250	7868
239250	9657
2428500	22246
2428500	25372
2428500	26722
2428500	7680
2448250	21865
2448250	21911
2448250	6104
2476250	29231
2480750	10840
2480750	14020
2480750	143
2480750	23284
2480750	24306
2492500	27791
2492500	7868
2492500	8637
252500	23861
2557000	3740
2626250	7868
266500	10282
267250	25372
267250	679
2688750	11176
2688750	18805
2704750	22359
2704750	3658
2737250	18805
2737250	21865
2737250	4571
2737250	9620
2752000	10726
2752000	11176
2752000	12243
2752000	17958
2752000	18805
2752000	21865
2752000	3032
2752000	527
2752000	5470
2752000	9620
2756000	11176
2756000	13975
2756000	2198
2771250	143
2771250	18805
2771250	22179
2771250	22359
2771250	23284
2771250	25366
2788750	12271
2788750	14020
2788750	15138
2788750	19217
2788750	22280
2788750	2410
2788750	25669
2797750	143
2797750	3658
2797750	8689
2807500	18024
2807500	7963
2808500	25372
2823250	2410
2823250	25329
282500	12055
282500	24541
282500	25372
2852250	14261
2852250	26722
2852250	28410
2852250	4949
2852250	5848
2870250	14020
2870250	15096
2870250	17606
2870250	23284
2870250	24869
2874500	10840
2874500	12220
2874500	2257
2874500	29547
2874500	3032
2874500	5848
2874500	6203
2874500	7868
2874500	8637
2874500	9567
2882750	11080
2882750	679
2891500	11176
2891500	2257
2891500	26722
2891500	4949
2891500	8027
2891500	819
2920750	10171
2920750	11176
2920750	14261
2920750	19421
2920750	22359
2920750	2257
2920750	3658
2920750	6104
2920750	7737
2920750	8278
2920750	911
2921750	12352
2921750	143
2921750	18805
2921750	21865
2921750	24196
2921750	26722
2921750	29547
2921750	679
2940000	11080
2940000	11767
2940000	12168
2940000	2257
2940000	26722
2940000	2683
2940000	27155
2940000	911
2968250	12220
2968250	18805
2968250	8637
2968250	8689
2975500	11080
2975500	11176
2975500	11196
2975500	12220
2975500	12352
2975500	14020
2975500	14261
2975500	21865
2975500	2198
2975500	25329
2975500	25733
2975500	2683
2975500	4571
2975500	4949
2975500	7105
2975500	7868
2975500	8689
2988000	22482
299750	11080
299750	14261
299750	15138
299750	18805
299750	19466
3001000	11080
3009000	11080
3009000	11176
3009000	14261
3009000	24196
3009000	27117
3009000	3228
3009000	554
3009000	5627
3009000	679
3009000	8689
3010000	13975
3014750	15138
3014750	21865
3031750	11176
3031750	14261
3031750	15584
3031750	18024
3031750	18075
3031750	2257
3031750	23284
3031750	2410
3031750	24984
3031750	25372
3031750	26288
3031750	26722
3031750	27117
3031750	29203
3031750	29547
3031750	3228
3031750	3627
3031750	4324
3031750	6672
3031750	679
3031750	7105
3031750	8637
3031750	8689
3031750	9620
3035250	11080
3035250	7868
3054250	14020
3054250	29203
3054250	3627
3114000	15138
3114000	17959
3114000	8689
3148500	10282
3148500	3627
3148500	8689
3149000	12220
3149000	8689
317500	4571
3188000	12220
3211250	11176
3226500	8689
3245250	2257
3249250	11080
3249250	14261
3249250	15138
3249250	22246
3249250	29547
3249250	4571
3249250	679
3249250	7868
3257000	11080
3257000	15584
3257000	18075
3257000	18805
3257000	3228
3257000	6158
3257000	679
3257000	8689
3266750	21865
3282250	7868
3282250	8689
3288250	11176
3288250	12352
3288250	14261
3288250	19394
3288250	6672
3288250	7868
3288250	8689
3293750	18075
3304500	11080
3304500	18002
3304500	22269
3304500	24060
3310750	11176
3310750	12220
3310750	2367
3310750	24869
3310750	26722
3310750	3627
3310750	4949
3310750	8689
3312500	22280
3317500	14261
3317500	14482
3317500	29203
3317500	3032
3317500	7868
3326250	12271
3344750	11176
3344750	12220
3344750	12271
3344750	14020
3344750	17958
3344750	24196
3344750	26722
3350250	12220
3363000	11176
3363000	15138
3363000	2257
3363000	27117
3363000	3627
3404000	22246
3404000	25669
3405000	8689
341000	11080
341000	14020
341000	18805
341000	8278
3520000	10702
3520000	12352
3520000	18805
3520000	23779
3520000	7868
3524750	24541
3524750	27625
3549000	14261
3549000	17214
3549000	27791
3573750	11176
3573750	14020
3573750	18805
3573750	26722
3573750	4078
3581250	143
3581250	18075
3581250	5848
3581250	9567
3588500	10702
3588500	11080
3588500	12352
3588500	12674
3588500	14020
3588500	143
3588500	18024
3588500	18805
3588500	21336
3588500	24196
3588500	25372
3588500	28410
3588500	3740
3588500	5848
3588500	8637
3592750	15405
3592750	23407
3592750	241
3592750	29547
3592750	4571
3625250	22482
3625250	7680
3644250	18024
3644250	18843
3644250	3228
3644250	8637
3675000	18805
3675000	8637
371250	29203
371250	7680
3719250	25372
3719250	4078
3723750	12271
3723750	14020
3723750	4078
3742000	18805
3742000	25372
3742000	27791
3781500	911
3795000	12220
3795000	12352
3795000	7105
382250	11767
382250	14261
382250	26722
382250	6352
38250	11080
38250	11176
38250	15138
38250	18024
38250	24196
38250	4949
3846250	12220
3846250	12352
3846250	26722
3861500	11080
3861500	4949
3861500	7868
3913250	12168
3913250	12220
3913250	12394
3913250	14020
3913250	19217
3913250	21865
3913250	241
3913250	25372
3913250	26288
3913250	3627
3913250	7105
3913250	8409
3913250	8689
3913250	9948
393250	26722
393250	679
393250	7868
3952000	12220
3952000	3627
3952000	679
3954500	15584
3954500	29547
3963750	11176
3963750	14020
3963750	19421
3963750	4949
3977750	1037
3981750	11196
3981750	14887
3981750	2367
3981750	27791
3981750	7105
4004500	19686
4004500	554
4025000	4571
4035250	11176
4035250	6352
4035250	7963
4037500	25372
4047000	18805
4047000	21865
4047000	2257
4047000	27511
4059500	11080
4059500	11176
4059500	24196
4059500	25372
4059500	27446
4059500	4571
4063000	12271
4063000	22280
4073250	11080
4073250	12271
4087750	2257
4087750	27791
4087750	29547
4097500	9620
4118250	3228
4133750	10893
4133750	16754
4133750	25372
4153000	11080
4153000	24196
4153000	24541
4153000	9567
4153000	9620
415500	20180
415500	554
417250	12068
417250	2367
417250	3627
4184250	11080
4184250	11176
4184250	11196
4184250	12220
4184250	14020
4184250	14261
4184250	2257
4184250	241
4184250	27446
4184250	4949
4184250	8689
418500	15138
4186500	11196
4186500	12394
4186500	15138
4186500	24196
4186500	7105
4193750	11196
4193750	17959
4195500	25733
4195500	7737
42000	23284
42000	26728
42000	4571
4215750	11176
4215750	15138
4215750	23013
4215750	911
4256000	25366
4256000	27791
4256500	19394
4256500	22280
4256500	2410
4256500	29547
4257000	11176
4257000	11196
4257000	18002
4257000	18075
4257000	24196
4257000	26722
4257000	27511
4257000	27625
4257000	3228
4257000	4571
4257000	4949
4257000	7868
4259500	11176
4259500	12541
4259500	17959
4259500	18805
4259500	4949
4259500	9567
4336750	12220
4336750	29203
434750	12394
434750	27511
434750	3228
434750	4571
434750	7105
4370750	15584
4370750	1666
4370750	25372
4370750	27791
4370750	4078
4370750	7868
4376250	2367
4376250	4220
4376250	4571
4378500	11176
4378500	7105
4378500	8637
4378500	8689
439000	11080
439000	12287
439000	14261
439000	16821
439000	2257
439000	25415
439000	26722
439000	29547
439000	3362
439000	6104
439000	7105
439000	7868
4399750	2683
4399750	679
4423500	23284
4447000	12352
4447000	3627
4447000	7868
4454500	27117
4454500	8689
4475750	11176
4475750	14261
4475750	18024
4475750	18805
4475750	23284
4475750	2367
4475750	24869
4475750	3627
4475750	3658
4475750	4949
4475750	5848
4475750	6352
4475750	679
4475750	8689
4503500	11176
4503500	12220
4503500	21628
4503500	3627
4503500	4949
452750	11176
452750	21865
452750	6672
4533750	4324
4547500	12068
4547500	15584
4547500	679
4557250	7868
4606000	14887
4625750	10840
4625750	11176
4625750	13975
4625750	1666
4625750	18805
4625750	25366
4625750	5848
4625750	7868
4631250	11176
4631250	2257
4631250	6672
4631250	8257
4658500	11080
4658500	18075
4658500	24196
4658500	25372
472000	11176
472000	26722
472000	29547
4770500	12271
4770500	12394
4770500	14020
4770500	18075
4770500	21865
4770500	24196
4770500	24869
4770500	28017
4770500	28975
4782250	11176
4782250	12271
4782250	26722
4782250	679
4804500	24306
4809750	11176
4809750	679
4814750	7868
4844000	26722
4852000	15096
4852000	22359
4852000	26722
4852000	6672
4852000	7868
4852000	9620
4852500	11080
4852500	14261
4852500	24541
4852500	26728
4852500	7868
4852500	911
4876750	11080
4880250	12220
4880250	19217
4880250	6352
4895250	21865
4895250	23779
4895250	24541
4895250	25372
4895250	3627
4895250	4078
4895250	4571
4895250	5848
4895250	9620
4902250	10702
4902250	18805
4902250	4571
4902250	7868
4907500	14020
4907500	17959
4907500	22280
4907500	24196
4907500	25372
4907500	29203
4921000	8689
4922750	11080
4922750	15138
4922750	7868
4956000	11080
4956000	11176
4956000	11196
4956000	14261
4956000	18805
4956000	19466
4956000	4571
4956000	527
4956000	7963
4956000	9657
4963500	22280
4963500	25372
4963500	2683
4967250	679
4967250	7868
5011500	11196
5011500	12220
5011500	18075
5011500	22280
5011500	25372
5011500	4949
5011500	7105
5011500	7850
5012750	10726
5012750	14261
5012750	25372
5012750	7963
5012750	8637
5024500	12168
5024500	12220
5024500	12394
5024500	15138
5024500	18805
5024500	22280
5024500	2410
5024500	26722
5024500	29547
5024500	3228
5024500	4571
5024500	7737
5024500	7868
5027500	25372
5034000	11080
5034000	11176
5034000	14261
5034000	15138
5034000	17959
5034000	6203
5034000	679
5034000	7868
5034000	9620
5037000	12068
5037000	14020
5037000	14261
5037000	25329
5037000	27446
5037000	9620
5052000	12220
5052000	24869
5052000	7868
5078750	1031
5078750	14261
5078750	19421
5078750	23407
5078750	25669
5078750	554
5078750	679
5082500	12220
5082500	7105
5082750	29547
5082750	6672
5082750	7868
5108000	11080
5108000	11176
5108000	12352
5108000	12586
5108000	14020
5108000	14261
5108000	15584
5108000	19466
5108000	2257
5108000	26722
5108000	2683
5108000	27117
5108000	29547
5108000	3627
5108000	7868
5108000	9567
5110750	11176
5110750	14261
5110750	15584
5110750	18805
5110750	19466
5110750	554
5139250	11080
5139250	11176
5139250	24306
5139250	24541
5139250	911
5143250	14482
5143250	18024
5143250	29547
5143250	8027
5143250	8689
5155750	11176
5155750	14261
5155750	14482
5155750	18024
5155750	18075
5155750	18805
5155750	19421
5155750	25669
5155750	679
5155750	7850
5155750	9657
5170500	14020
5170500	22280
5170500	241
5170500	4949
5187750	11080
5187750	3362
5199750	679
5220750	24196
5220750	8689
5226250	18075
5226250	8689
5226500	10840
5226500	12220
5226500	21865
5226500	3627
5226500	4571
5238000	11080
5238000	14261
5238000	143
5238000	19466
5238000	22359
5238000	25372
5238000	26722
5238000	26728
5238000	4571
5238000	527
5238000	9620
5239500	143
5239500	15138
5239500	17959
5239500	23284
5239500	25372
5239500	29203
5254500	11176
5254500	11196
5254500	12055
5254500	12352
5254500	14020
5254500	22246
5254500	24869
5254500	28975
5254500	6672
5254500	679
5254500	7868
5261000	11080
5261000	21865
5261000	25329
5264500	11176
5264500	12168
5264500	12220
5264500	12352
5264500	12394
5264500	14261
5264500	16754
5264500	22280
5264500	2367
5264500	25372
5264500	26722
5264500	28410
5264500	4949
5264500	5470
5264500	7105
5264500	8689
5264500	9472
5279750	21865
5279750	27117
5279750	3228
5279750	4571
528250	11196
528250	14020
528250	17958
528250	27117
5287000	12394
5292000	18805
5292000	25669
5293250	12220
5293250	679
5320000	3228
5320000	4078
5320000	911
5336750	11176
5336750	12352
5336750	14020
5336750	143
5336750	17958
5336750	26722
5336750	3627
5336750	7868
5354000	12352
5354000	14261
5354000	20180
5354000	26288
5407750	11080
5407750	14887
5407750	15584
5407750	17959
5407750	2257
5407750	28410
5407750	29547
5407750	5848
5407750	6352
5440500	11080
5440500	8637
5440750	12394
5440750	911
5467250	12394
5467250	24196
5491500	9472
5522250	11176
5522250	12352
5522250	2257
5522250	4949
563500	10171
563500	12586
563500	14261
563500	15019
563500	23284
563500	25329
563500	26288
563500	2683
563500	3658
563500	4949
563500	7868
5642000	10726
5642000	11080
5642000	11176
5642000	11767
5642000	12220
5642000	18805
5642000	2257
5642000	25329
5642000	27511
5642000	28410
5642000	29547
5642000	4949
5642000	6203
5642000	679
5642000	7812
5642000	7868
5642000	7963
5654000	11080
5654000	23861
5654000	26722
5654000	4571
5655250	11080
5655250	11176
5655250	11196
5655250	12586
5655250	14020
5655250	14261
5655250	143
5655250	18805
5655250	21865
5655250	22280
5655250	2257
5655250	28410
5655250	29203
5655250	7868
5655250	8637
5655250	8689
5655250	9472
567250	11080
567250	27791
5697750	27791
5726500	17959
5726500	5848
573000	10840
573000	11080
5735000	11080
5735000	5470
5735000	7868
5742000	19523
5742000	26728
5742000	5593
5745000	11080
5745000	2257
5745000	26722
5751500	11176
5754500	143
5769750	29231
5769750	3228
5769750	6104
5769750	6352
5780000	11176
5780000	14261
5780000	17214
5780000	17959
5780000	21336
5780000	21865
5780000	23861
5780000	24306
5780000	24541
5780000	24869
5780000	27117
5780000	4571
5780000	5848
5780000	7868
5812000	20506
5812000	2683
5828250	21865
5847500	2257
5865750	18805
5865750	21911
5865750	27511
5865750	911
5898500	15019
5898500	23284
5898500	26722
5899750	12220
5901250	11176
5901250	22280
5901250	3228
5906250	11176
5906250	143
5906250	19217
5906250	3228
5910250	14482
5915250	2367
591750	12220
591750	4220
5952250	14020
5952250	7812
5957500	14887
5957500	29203
5957500	8637
5959000	12352
5959000	2257
5959000	26722
5959000	2683
5959000	6672
5959000	679
5962750	2683
5962750	554
5962750	7105
5968250	21865
5968250	22280
599750	11080
599750	11176
599750	14261
599750	23284
599750	29547
599750	6672
599750	7868
599750	9657
6003750	15414
6003750	18843
6003750	24869
6003750	25372
6003750	7737
6003750	8637
6003750	8792
6014750	12220
6014750	679
6015000	1666
6015000	21865
6015000	23861
6015000	8637
6061250	11176
6061250	14261
6061250	18805
6061250	19466
6061250	29203
6061250	29547
6061250	4949
6061250	679
6099250	17214
6099250	25372
6140500	26722
6140500	28410
6140500	554
6150750	15584
6150750	23779
6150750	554
6155250	1031
6155250	14020
6155250	15138
6155250	28975
620500	10702
620500	11176
620500	14261
620500	19466
620500	9657
6205000	27446
6205000	9948
621500	1666
621500	7868
6233750	18180
6233750	21865
6233750	4220
6234000	12352
6234000	2257
6234000	6672
6234000	7868
6247250	10282
6247250	10840
6247250	11080
6247250	11176
6247250	1666
6247250	18075
6247250	18805
6247250	26728
6247250	27446
6247250	5848
6247250	9567
6257000	27446
6257000	3740
6258500	18805
6258500	3627
6264750	29203
6266000	12220
6299000	7868
6301250	19217
6301250	25366
6301250	29547
6301250	7868
64000	11080
64000	12394
64000	15138
6400000	12287
6400000	17958
6400000	2367
6400000	2452
6400000	9567
6412750	11080
6412750	14020
6412750	26722
6412750	29203
6515500	18879
6515500	527
6515500	6104
6523250	14020
65500	14020
65500	18024
65500	20180
65500	23284
65500	26288
65500	4571
65500	8637
6564500	11176
6564500	11196
6564500	12394
6564500	14020
6564500	14261
6564500	143
6564500	17958
6564500	18805
6564500	19394
6564500	19466
6564500	22179
6564500	22280
6564500	2257
6564500	24060
6564500	25329
6564500	26722
6564500	4949
6564500	527
6564500	679
6564500	7105
6564500	7868
6564500	8278
6571000	18843
6571000	6352
6571000	679
6619500	11767
6619500	26722
6619500	3627
6619500	9472
6654750	12352
6654750	14261
6683750	29203
6683750	4078
6694750	10893
6694750	11080
6694750	11176
6694750	12352
6694750	12394
6694750	14020
6694750	14261
6694750	17214
6694750	18024
6694750	18075
6694750	2257
6694750	23407
6694750	2367
6694750	24196
6694750	26722
6694750	29547
6694750	3627
6694750	4571
6694750	4949
6694750	679
6694750	7868
6694750	8637
6694750	8689
6694750	9620
6700250	1015
6700250	11176
6700250	14020
6700250	16821
6700250	4949
6700250	6672
6713250	18805
6713250	24541
6713250	4571
6751750	12352
6751750	5848
6766250	10893
6766250	25372
6766250	29203
6766250	29364
6766250	29547
6780500	4571
6807250	11196
6807250	12352
6807250	14261
6807250	24196
6807250	25372
6807250	29203
6807250	4078
6807250	679
6807250	7868
6848000	11196
6848750	21336
6848750	8689
6849750	15584
6849750	19394
6849750	3228
6849750	4571
6849750	5848
6849750	9620
6874250	11080
6874250	12168
6874250	2257
6874250	26722
6874250	2683
6874250	28410
6874250	29547
6874250	8637
6897000	10171
6897000	12586
6897000	14261
6897000	6104
6897000	8689
6900500	4078
691500	12352
691500	17958
691500	26288
691500	29364
691500	3032
691500	527
691500	7850
691500	7868
691500	8792
6921750	12220
6921750	6203
69500	11080
69500	11196
69500	12220
69500	12394
69500	14020
69500	143
69500	15584
69500	17640
69500	18805
69500	22280
69500	2410
69500	24869
69500	28410
69500	6352
69500	8637
69500	9567
6957500	10893
6957500	25372
6957500	29203
6957500	5848
6996000	25366
6998500	12352
6998500	26728
6998500	29547
6998500	3627
6998500	8689
7003500	14261
7034000	1031
7034000	25669
7034000	27117
7034000	29203
7034000	3032
7034000	8257
7060500	11080
7060500	12287
7060500	4949
7060500	9948
7103000	11080
7103000	25372
711500	26722
7116750	11196
7116750	25372
7116750	6672
7143250	14482
7143250	23779
7143250	29203
7143250	5848
7143250	6672
7163250	11176
7163250	17959
7163250	18805
7163250	2257
7163250	26722
7163250	3627
7163250	4571
7163250	9567
7184500	10702
7184500	19421
7184500	24306
7184500	24541
7184500	4571
7184500	7868
7218000	12271
7218000	14261
7218000	17214
7218000	2257
7218000	24196
725000	12394
725000	14482
725000	25372
725000	26722
725000	4078
7306250	11176
7306250	21628
7306250	26722
7306250	7868
731750	679
7361250	24541
7367000	12394
7367000	14020
7375000	27625
7383000	7868
7435500	11176
7435500	14261
7435500	4078
7445000	18075
7450000	11080
7450000	11176
7450000	12352
7450000	14261
7450000	24541
7450000	27625
7450000	28410
7450000	4949
7450000	6672
7450000	679
7450000	7868
7450000	911
745750	12541
746000	143
746000	2410
746000	3032
7476250	2198
7476250	23284
7476250	24541
7476250	4571
7476250	7105
7476250	911
7483500	11080
7483500	12068
7483500	21865
7483500	7105
7513250	29203
7545250	12352
7545250	14020
7545250	143
7545250	21911
7545250	22280
7545250	24196
7545250	9657
7568250	11176
7568250	12394
7568250	4949
7568250	8689
7588000	14261
7588000	28975
7600250	11176
7600250	12352
7600250	18805
7600250	21911
7600250	2257
7600250	29547
7600250	4949
7600250	6672
7600250	7868
764750	29203
7657250	7997
7699500	11080
7699500	11196
7699500	14261
7699500	18075
7699500	18805
7699500	22280
7699500	26288
7699500	26722
7699500	3228
7699500	679
7699500	7812
7699500	8689
7703750	11196
7703750	12394
7703750	2257
7703750	23284
7703750	26722
7703750	554
7703750	7868
7715000	11080
7715000	18002
7715000	27155
7715000	7868
776750	11176
776750	12068
776750	12352
776750	14261
776750	22359
776750	2257
776750	23407
776750	26722
776750	27791
776750	3228
776750	3627
776750	527
776750	679
7785250	27446
7787500	19217
7797000	10893
7810250	27791
7810250	8637
7830250	554
7854500	11080
7854500	11176
7854500	17958
7854500	19217
7854500	26722
7854500	29203
7854500	527
7854500	5848
7886000	10282
7886000	5848
7892000	11196
7892000	14261
7892000	18843
7892000	22280
7892000	23284
7892000	2452
7892000	25366
7892000	25372
7892000	29203
7892000	7850
7892000	911
7892000	9472
7892000	9567
7898750	11176
7898750	21911
7898750	3228
7898750	4949
7898750	7868
791500	1666
7918750	7868
7927750	10893
7927750	12674
7927750	14020
7927750	15661
7927750	16754
7927750	26288
7927750	3032
7927750	3658
7927750	7105
7927750	7868
7927750	9620
7976750	25372
799000	23779
799000	26722
8017000	15096
8017000	22280
8017000	23284
8017000	9567
8033500	12220
8033500	14020
8033500	16754
8033500	18002
8040000	10702
8040000	11176
8040000	12541
8040000	14020
8040000	15138
8040000	18805
8040000	18843
8040000	19466
8040000	2452
8040000	26288
8040000	29203
8040000	3032
8040000	7868
8040000	8257
8040000	8792
8040000	9620
8049000	2257
8049000	7997
8051750	11176
8051750	12220
8051750	12541
8051750	14020
8051750	18805
8051750	21911
8051750	22280
8051750	2257
8051750	24869
8072250	11196
8072250	14020
8072250	22280
8072250	4078
8096750	19466
8096750	25372
8096750	8689
8096750	9567
8100250	7868
8102000	10893
8102000	12394
8102000	2683
8111500	10282
8111500	11080
8111500	12352
8111500	14020
8111500	14261
8111500	17958
8111500	2257
8111500	26722
8111500	27625
8111500	28410
8111500	527
8111500	7868
8129250	11196
8129250	18805
8129250	20180
8129250	25733
8129250	3228
8129250	7868
8129250	8689
8149250	11176
8149250	11196
8149250	12220
8149250	14020
8149250	22280
8149250	25329
8149250	6548
8149250	7868
8156500	2198
8156500	25372
8163500	11080
8163500	14261
8163500	15019
8163500	19466
8163500	2257
8163500	25329
8163500	26722
8163500	28410
8163500	29547
8163500	4571
8163500	6672
8163500	679
8163500	7045
8163500	7868
8163500	9620
8170750	19217
8195000	13975
8195000	14261
8195000	143
8195000	15138
8195000	15584
8195000	18024
8195000	21865
8195000	22280
8195000	26288
8195000	4078
8195000	679
8195000	8689
8195000	911
8215250	14020
8215250	14261
8215250	8689
8216500	11176
8216500	14020
8216500	15138
8216500	1666
8216500	22552
8216500	2257
8216500	25329
8216500	26288
8216500	29203
8216500	4078
8216500	4571
8216500	6203
8216500	8689
8216750	7868
8216750	9567
8243500	11176
8243500	11196
8243500	12220
8243500	12352
8243500	17958
8243500	18075
8243500	4949
8248750	10893
8314250	11080
8314250	6352
8314250	9567
832250	12271
832250	27791
8324500	12220
8324500	14020
83250	25329
8346250	4571
835000	14020
835000	25366
835000	26288
835000	27117
835000	29547
835000	5848
835000	6203
835000	7868
835000	8637
8353250	11176
8353250	12271
8353250	27117
8353250	29203
8385000	23284
8385000	7680
8430000	25372
8435250	11080
8435250	11176
8435250	11196
8435250	14261
8435250	18024
8435250	3228
8435250	6672
8435250	679
8435250	7105
8435250	9567
847750	15138
848500	12394
848500	14261
8523250	3032
8523250	8637
8529750	12220
8529750	18075
8529750	22583
8529750	23013
854250	11176
854250	18805
854250	2257
854250	9620
8555500	18180
8573000	12352
8573000	14261
8573000	22359
8573000	3627
8573000	6672
8573000	679
8573000	7868
861250	17214
861250	25372
861750	4078
8617500	12055
8617500	12220
8617500	4571
8628250	11080
8628250	18180
8628250	18805
8628250	3032
8628250	4078
8649250	29203
8649250	4078
8701250	26728
8701250	4571
8702500	11080
8702500	11176
8702500	11196
8702500	12352
8702500	14261
8702500	15138
8702500	18024
8702500	23779
8702500	27791
8702500	29547
8702500	3228
8702500	3627
8702500	4949
8702500	5593
8702500	7105
8702500	7868
8702500	8257
8730250	11080
8730250	12068
8730250	26722
8730250	3228
8730250	8257
8730250	911
8730250	9567
8745250	143
8745250	679
8757750	18024
8799750	11080
8799750	2257
8799750	2683
8799750	7868
8799750	9567
8845250	10840
8845250	14020
8845250	17214
8845250	19686
8845250	4571
8845250	6203
8845250	7868
8845250	8689
8845250	9620
8848250	25372
8869250	143
8869250	8689
887500	29547
887750	11080
887750	15019
887750	19466
8909750	15138
8909750	15584
8909750	21865
8909750	7812
8910750	18180
892500	12352
892500	14020
892500	143
892500	18024
892500	18805
892500	21865
892500	22280
892500	24869
892500	25329
892500	3627
892500	7812
892500	7868
892500	8637
892500	9567
892500	9657
8940500	11080
8940500	11196
8940500	11767
8940500	12168
8940500	24869
8940500	28410
8940500	29203
8940500	5848
8940500	7105
8940500	911
8949750	6104
8949750	7105
9035750	7850
9039750	11196
9069000	11080
9069000	11176
9069000	19217
9069000	2257
9069000	28017
9069000	4949
9069000	7868
9069000	8689
9069000	9620
9076750	25372
9079500	12271
9079500	2410
9079500	25669
9079500	7868
9103250	12220
9121750	11080
9121750	16821
9121750	18805
9121750	25733
9121750	3228
9121750	6672
9121750	7868
9123500	12168
9123500	7868
9163000	11080
9163000	11176
9163000	12394
9163000	14261
9163000	2257
9163000	25329
9163000	29547
9163000	3228
9163000	4949
9163000	6158
9163000	7868
9163000	9620
9173750	11196
9173750	12541
9173750	14020
9173750	14261
9173750	143
9173750	18805
9173750	19466
9173750	24869
9173750	27446
9173750	4571
9173750	7105
9173750	7868
9179500	11196
9179500	12220
9199500	3228
9199500	9567
9212500	22280
9215000	11196
9215000	12220
9215000	12394
9215000	14020
9215000	15138
9215000	6352
9244000	18024
9244000	6672
9244000	7737
9244000	7868
9244000	8689
9288000	14020
9288000	26722
9344000	15138
9344000	5848
9351750	17214
9351750	9620
9394250	11196
9394250	25372
9394250	3740
9394250	4078
9394250	7105
9394250	9620
9394500	26722
9394500	4571
9436000	15661
9437500	12168
9438000	12220
9438000	15019
9438000	8689
9463750	11196
9463750	7105
9512750	11080
9512750	12220
9512750	14261
9512750	23779
9513250	11080
9513250	18024
9513250	2257
9513250	29547
9513250	7868
9513250	911
9586500	11080
9586500	14261
9586500	19217
9586500	21865
9586500	4571
9586500	7868
9592500	15584
9592500	17214
9592500	24541
9592500	26728
9628250	23779
9671750	25372
9671750	29203
9671750	4078
9694750	14020
9694750	24869
9694750	26728
9694750	6672
9694750	679
9694750	8689
969750	21628
969750	2367
9706000	12168
9706000	17214
9706000	2198
9706000	22280
9706000	2257
9706000	23284
9706000	24869
9706000	26288
9706000	2683
9706000	679
9706000	7737
9720000	8257
9782000	15138
9782000	2198
9782000	29364
9782000	3032
9782000	527
9782500	11080
9782500	27117
9802000	17214
9802000	19394
9802000	26722
9807250	2367
9807250	241
9807250	26722
9807250	4324
9807250	5848
9807250	7868
981000	11176
981000	12220
981000	12394
981000	18002
981000	18805
981000	26722
981000	4949
981000	7105
981000	8689
9811750	12220
9811750	4571
9839750	11767
9839750	28410
9842500	18024
9842500	18805
9842500	2683
9842500	7868
984500	29547
984500	679
984500	7868
9906500	11080
9906500	12220
9906500	12352
9906500	12394
9906500	14261
9906500	26722
9906500	7868
9906500	8637
9946250	21865
9972250	25372
9972250	7963
9979000	12352
9979000	25372
9979000	679
9979000	7868
9982500	2683
