6683750 29551
2852250 2251
1140750 15622
11397250 23541
2050000 26866
573000 10555
1063000 22749
2050000 21659
6921750 19197
6564500 15298
1240250 18392
11494250 11196
5012750 8799
5911250 22489
3035250 11196
7687500 20803
3952000 5474
5254500 20300
3293750 26523
2232500 11196
38250 10051
5037000 21838
5011500 21847
10234000 5051
3149000 9817
7588000 10329
10521000 13779
6571000 4254
11747250 16918
1710500 2729
371250 10106
1074750 3699
8949750 7086
9842500 7380
10773000 2257
9671750 2655
8040000 21994
4184250 16550
6874250 13483
6412750 23632
5780000 19523
5865750 4238
1699500 16716
1792000 13259
6874250 12168
9039750 15639
11313000 6482
5865750 1681
9973000 15158
5865750 27544
8123500 22852
8129250 10718
5354000 10948
1904750 15906
3952000 4648
341000 679
1661750 21950
4850000 3458
5726500 23465
1724250 20425
5440750 25029
1240250 21092
3350250 25420
8628250 3074
5254500 21672
5693000 21899
2940000 26722
3304500 25169
2232500 14261
3148500 6908
11440500 3228
9706000 19539
6683750 8996
5024500 26378
2103250 28855
9121750 19974
12239250 21838
10609250 5330
5642000 11176
6849750 2655
1806750 18558
3114000 20182
1629250 18024
7513250 1756
1240250 12394
12008000 25618
12016750 18730
3644250 8637
5024500 13779
9973000 18227
11169500 21078
9463750 3677
3719250 25631
8757750 26288
4037500 26614
7600250 11176
3226500 23863
3954500 15584
2168250 27133
6713250 2367
11493000 29022
5742000 2349
5220750 28438
4680000 16463
7345250 23656
10492250 4499
7588000 7105
2676250 4970
11590500 7997
8314250 27618
10588000 16628
6003750 10726
3903500 1392
5780000 2173
12015000 13097
8799750 19199
725000 2257
5037000 23621
10566000 13554
11734000 4076
11939000 2176
528250 8693
12239250 7868
2492500 11124
5865750 26297
11169500 12828
7003500 14150
1492500 21683
6619500 11465
3549000 5285
12215000 25570
12154500 20297
1240250 20297
9512750 4239
5037000 24960
6571000 7827
4876750 4080
8096750 23896
621500 16009
1110750 22499
8622000 8702
731750 7692
2870250 12964
4625750 15446
2331750 19539
9039750 13087
3903500 27609
9842500 19048
12154500 28548
711500 26722
11984750 26722
2788750 11176
12028500 8519
11957000 9210
5539250 25207
3148500 28561
11747250 18730
9121750 21838
8353250 7560
10261750 12285
6683750 29203
8049000 27544
11939000 22317
8910750 24503
9039750 1293
2975500 16939
7545250 29099
6874250 2683
8757750 24601
11984750 20207
1832000 7868
11169500 366
9103250 9563
6700250 23134
1525000 11196
3031750 215
5642000 10840
3524750 17920
8096750 26485
10588000 14020
11564250 9140
1492500 11679
11564250 1831
1063000 28481
6250250 16564
9173750 11196
4844000 15138
4625750 1428
6126750 24977
8216500 3746
2033500 18075
1629250 19891
2788750 24274
11747250 13093
472000 2605
11957000 13772
5726500 25733
7687500 3787
10642000 7105
6751750 13737
380000 1392
4073250 27415
1793250 2033
154500 8689
8757750 6968
3310750 16550
5220750 785
8628250 20979
239250 3619
6301250 14942
9842500 10908
2050000 21336
9215000 12394
2688750 3774
2808500 25372
5865750 7868
10401500 27791
8435250 23896
5024500 11687
3511000 13020
1911500 16110
10831750 5640
711500 11052
7892000 17647
1724250 9544
6571750 17706
10261750 23214
8049000 2804
154750 11196
5037000 26722
1782250 155
9039750 9563
6683750 4731
6061250 23829
11307500 20300
5226250 8689
10312750 28985
8666500 11790
9512750 27205
11730000 471
8940500 15661
5279750 2368
1832000 25687
7218000 22317
3226500 16474
6852750 27906
11984750 25927
2378500 28243
981000 8662
6272000 22367
10212500 24081
8555500 4510
1086750 18977
8040000 20803
8949750 16818
3009000 10604
11730000 1446
69500 27501
981000 17458
6897000 7626
2148250 14294
7184500 7221
4876750 949
1969000 12220
12234750 5266
4184250 241
8949750 29446
764000 11531
3520000 23409
5780000 11431
8628250 5848
309750 4545
380000 12329
3344750 11078
981000 8689
1971500 11000
8529750 15138
1969000 6352
439000 21841
9076750 5712
10322250 10702
8617500 28270
7703750 18075
4716750 8511
10234000 9111
10578000 13778
6874250 21503
7785250 11790
9906500 155
6155250 18180
3963750 4949
8111500 11080
2752000 26728
1832000 10916
12204750 21681
5024500 7473
2968250 14273
1459000 6147
472000 25333
7568750 12285
1525000 2257
10539250 1461
6874250 8365
2050000 15231
7306250 22359
9437500 15718
980000 3228
6683750 10169
9463750 15138
5011500 7059
2033500 20417
7163250 8148
4876750 2945
6874250 26754
731750 10570
12028500 11196
7103000 23662
5264500 1642
7513250 29203
8040000 5372
9179500 12220
3511000 29203
9720000 8816
12231250 26973
8314250 11196
1620500 12230
4133750 15159
7476250 15019
1724250 16176
11957000 23907
6515500 23340
12142750 2375
11493000 22727
9123500 14694
8216500 17747
9039750 2257
11949750 13554
1909250 20516
9694750 9838
10774750 14942
1661750 15534
3625250 21372
11137750 19891
9199500 29099
5082750 7868
7657250 29445
4876750 19496
892500 3852
892500 23516
9288000 6401
8280500 4662
8617500 26619
8163500 5740
9706000 9275
8160750 18529
3304500 8689
7568750 4329
2232500 24986
3903500 28605
65500 15018
7103000 26722
9706000 949
8149250 26464
3226500 18741
1517000 27205
7715000 24978
1492500 16540
9039750 11983
7886000 4919
6061250 3308
5769750 24503
563500 28653
8845250 8689
11321750 17060
2331750 21975
12231250 19539
2350750 24788
6874250 11080
5726500 17072
6247250 16918
3963750 19014
7513250 4078
6234000 4220
6400000 2452
5034000 9441
4153000 26523
4087750 27791
9173750 16540
7322250 11977
1240250 7871
8845250 13493
6683750 5267
5143250 9563
3963750 26972
4475750 11612
7687500 18369
9039750 14580
12275500 23134
8163500 18868
10018000 5429
10773000 2999
5082750 17280
6852750 2963
11434750 20083
11321750 20206
341000 26722
83250 25753
9123500 15138
3511000 14020
1782250 24460
2232500 11000
6258500 1432
6412250 7260
2852250 16411
3892750 13020
4133750 2333
2033500 7473
6247250 4571
599750 20297
7269750 19475
3009000 21657
4876750 143
11936000 10948
3549000 5957
2940000 11272
11321750 12358
4454500 15138
6258500 20471
6571000 27543
2251750 25177
5024500 7105
8435250 18730
3787750 26969
9244000 9486
10840750 13672
9512750 25651
2492500 20083
6700250 11578
4782250 12142
8573000 28049
7218000 10702
3363000 24158
2882750 4452
10696000 21110
472000 6211
1579250 15721
5034000 12220
10229250 7297
8617500 2605
12154500 19574
9706000 7179
10628500 12994
2050000 12329
10642000 8628
6150750 17429
2940000 11767
7687500 7868
9671750 29203
3350250 1672
3226500 25372
1909250 6326
8529750 16609
11321750 3564
2492500 11849
8430000 8637
11552750 23448
8628250 28481
3675000 13779
4782250 9658
9039750 7105
4876750 20536
1194750 4059
3524750 4808
12231250 12220
3216500 27168
1793250 14020
4716750 4324
6564500 15639
731750 9195
6126750 25117
11984750 25653
1911500 25500
8096750 16663
9694750 11080
10642000 7323
5037000 27791
4153000 21865
6571000 22393
1620500 23735
12154500 4949
5654000 5896
3350250 18736
10018000 15874
11874000 16028
5726500 949
11612500 5848
5037000 2945
7703750 22218
7184500 8278
5901250 11073
9039750 25092
12388250 18712
2921750 20184
6150750 2963
11632250 25022
5751500 2353
5024500 18805
5865750 2872
6272000 26451
6272000 12055
12215000 14942
232000 16311
9706000 6364
1324500 7868
7163250 12943
4876750 11378
1181250 21110
1492500 28899
2050000 5306
11896000 16564
4215750 11391
5655250 11196
8314250 16540
6571000 22877
5220750 25240
232000 361
2316250 9688
4376250 8689
7034000 9341
83250 28885
4770500 2610
9394250 19014
3216500 28992
2921750 143
5170500 18730
10261750 14261
5642000 25424
6003750 12285
6247250 2942
5522250 679
3644250 15142
4876750 7868
4256500 12588
10052000 22126
6247250 22736
232000 7868
5911250 12352
6272000 17758
8070000 10329
1909250 2963
6713250 11857
11552750 16011
3304500 4931
9244000 7868
2088000 617
8845250 24977
848500 4172
10654750 27272
3317500 679
10069500 7868
5751500 19680
11984750 6672
1911500 8868
7699500 2899
3149000 18964
9179500 17629
8845250 4939
6564500 18730
981000 11176
12239250 25618
1904750 25888
12028500 9213
725000 18597
11340250 6215
7687500 14603
7600250 11052
2940000 13561
1966250 2257
3114000 20536
2768250 23421
10628500 12159
11730000 12914
12215000 6672
2756000 13773
5491500 16939
12008000 17647
10234000 10970
10831750 13482
8040000 14902
5655250 26031
2378500 23774
7893250 28410
10598500 18575
3846250 27840
5034000 10176
3404000 22246
5745000 26722
4447000 12627
5655250 4338
5910250 937
1579250 25424
8040000 3403
11158000 21930
3245250 18730
10642000 28149
6061250 5670
10054250 19660
5769750 16818
11957000 23662
9706000 679
3903500 21899
2033500 11465
12173500 14266
3148500 12795
5155750 1533
10592750 23798
8070000 18611
2688750 15721
6957500 12606
5082750 6740
8160750 22244
10119250 7868
5248750 28924
6150750 15831
731750 29008
3549000 5184
11158000 239
4922750 18013
9720000 21092
7143250 11849
3009000 5627
10234000 12702
5491500 1691
9436000 4731
3014750 18558
10492250 281
1911500 1073
5901250 1010
1909250 24645
8216750 12285
2232500 4683
7699500 11280
9973000 23475
9946250 11688
5024500 24601
12231250 27155
8160750 5067
4850000 14678
5293250 679
6015000 24323
10592000 8816
3590000 28924
5812000 17641
5264500 12394
4658500 24196
2940000 24519
528250 155
3114000 13112
1617250 12283
1806750 26394
5962750 5151
8040000 17084
7797000 13942
8353250 27205
11307500 22359
10064500 12220
4195500 22246
3963750 14020
5078750 11080
2874500 14914
8040000 11018
12008000 24274
11957000 21078
1499750 1831
5220750 26216
7103000 12586
5655250 7427
9685000 9569
4850000 12512
8129250 16323
8845250 12394
2771250 26314
1782250 19374
3954500 931
3719250 125
5642000 27272
4475750 4949
452750 15638
10492250 15449
5082500 14020
7810250 6880
7103000 16488
5828250 4808
5011500 1756
4059500 7868
10261750 5285
6234000 21372
4922750 7340
239250 3068
2752000 27906
1904750 22484
8822250 17483
6694750 18730
5110750 25793
4184250 12220
10229250 24541
1110750 3458
5440750 27210
9706000 12168
7687500 13853
1806750 21683
380000 1773
4876750 12394
5011500 29203
69500 9479
3148500 19796
9173750 19814
4770500 12220
9394250 29203
5037000 7868
892500 1966
10773000 15639
3581250 12512
11114000 25372
6564500 20658
8910750 3361
8040000 7868
8845250 15446
8040000 2655
8160750 15308
9215000 9242
2891500 8027
4547500 8257
1792000 23351
38250 11447
232000 12133
2788750 18515
1319000 10449
3719250 18624
10234000 21995
2921750 11176
5155750 12453
9706000 2198
7830250 5779
7703750 527
11321750 6348
2768250 16094
3350250 5779
8096750 11196
9973000 25260
8628250 10879
6003750 7868
10234000 10176
11440500 14261
4336750 20846
5865750 28937
6564500 4949
1909250 23896
6852750 4949
7657250 1756
4963500 13240
9706000 21865
5440750 19862
5254500 25618
3266750 12220
8070000 29197
1966250 26722
371250 15401
7218000 26619
12215000 679
4184250 8565
11734000 21219
6998500 201
3031750 679
6694750 20127
4922750 2669
8314250 25933
7218000 12220
12154500 17640
5780000 10058
3114000 21092
6205000 10352
8156500 4078
1688750 3145
1240250 5998
2940000 14580
4876750 14150
1966250 20207
791500 8738
11121500 20297
6272000 6080
5264500 22547
7854500 679
5011500 20180
12215000 27791
3903500 16279
4370750 1666
5693000 14020
980000 29099
3257000 15534
9972250 15138
10966250 251
10492250 7105
9706000 9612
6654750 14261
10774750 2899
3520000 22058
39750 4896
12015000 24977
6766250 27186
9694750 4525
9199500 20803
1909250 5285
12154500 12475
7886000 22420
3031750 16110
8040000 24685
1531250 2963
7699500 13592
10064500 28466
2975500 882
11936000 1962
9288000 11328
12384250 21747
12154500 12933
746000 21865
252500 18544
3344750 8805
5248750 15086
1324500 8028
1086750 7868
8940500 251
10642000 20536
12231250 28149
2050000 24377
7715000 11790
11391250 27998
4770500 14020
6234000 17020
9706000 849
4503500 11936
8757750 2167
6272000 20180
12154500 12490
6872750 20393
10598500 12220
2492500 21243
12231250 10329
1904750 9138
7060500 23214
11321750 4238
9215000 8943
2676250 14535
7513250 29153
11321750 9906
3952000 2128
791500 21050
11683250 1249
2771250 29490
8040000 14194
5726500 22731
10064500 6820
12154500 11176
9079500 7868
3009000 12327
8216500 25558
5726500 22280
3215500 19029
11984750 21110
9694750 18741
8051750 20297
6874250 20648
1904750 23928
5901250 7262
8435250 14261
6150750 28184
3723750 21672
11225500 11175
3009000 22393
4782250 10778
6897000 18544
2033500 8689
9215000 2436
5865750 25060
981000 23623
9394500 17090
4454500 15019
472000 3515
2807500 29203
563500 22058
2752000 15820
2050000 26127
5780000 17061
6713250 2945
6523250 16540
11747250 4960
3304500 24461
1194750 7868
10312750 15934
5742000 25830
11046750 7169
5440750 20902
2852250 4647
1620500 444
6571750 6401
11701500 22052
3954500 18292
3148500 8327
3719250 4960
6003750 4949
9436000 504
1710500 28065
10774750 4683
1909250 8383
1629250 143
746000 7105
1063000 14165
9215000 6352
2198750 12220
11340250 26973
2852250 8090
6564500 25092
8324500 9848
6247250 28626
11129250 23214
4059500 14120
4963500 15538
8040000 27791
2688750 155
6155250 15645
5693000 22916
847750 23304
3031750 23214
6247250 28631
9173750 15639
6400000 19381
5828250 16979
5110750 8414
1074750 11080
3215500 10914
5170500 11679
5037000 14590
9123500 20846
5264500 16965
7600250 2762
6564500 11176
6497000 647
7103000 11465
341000 2257
10533750 15721
11984750 25086
4304250 679
11984750 8689
3304500 679
341000 17958
5865750 11196
8216750 24281
5011500 22489
5865750 11652
12234750 26736
434750 6104
9592500 679
6904000 5267
3035250 993
9039750 22887
9706000 29313
2078000 679
11129250 28924
621500 6143
5037000 2382
8149250 11679
6564500 12977
7367000 15584
6515500 21657
8040000 15138
11984750 15507
11949750 6571
847750 3714
9512750 19903
10566000 28053
5726500 14020
3031750 28924
3304500 8219
3114000 6828
2232500 679
791500 20297
10401500 12189
10653250 20180
6247250 3686
1620500 13124
5491500 22489
7886000 1428
1971500 8316
11730000 14498
9069000 3627
4133750 12175
11874000 13844
5780000 20724
2492500 20979
2182750 18808
4454500 28653
10054250 4667
5812000 2683
11947000 10480
1528500 23774
8049000 17664
3787750 19458
3035250 14020
6683750 14119
3149000 13162
6412250 15159
65500 6050
1104500 18678
2807500 27117
8163500 28438
7687500 25380
12015250 11080
2050000 17960
6272000 2803
5898500 374
69500 17119
9039750 3627
4047000 7105
3903500 25618
2771250 255
12154500 12159
8160750 11196
6683750 27204
341000 4003
8910750 3590
5037000 679
8757750 23928
11129250 14577
4625750 9838
8040000 20484
12215000 7868
10642000 251
10234000 26011
7190750 14526
1579250 4078
11169500 14294
6150750 11330
154500 12220
6571750 16540
3952000 13998
11984750 2683
6150750 10014
1492500 3926
8040000 9341
4716750 13757
11434750 18758
8799750 20826
1966250 155
9706000 20297
11564250 3723
5491500 20803
3404000 28653
2920750 23538
3903500 15138
691500 26288
4631250 27052
11129250 949
7600250 3228
6247250 21334
8628250 26288
1758250 27791
9173750 16110
3257000 1384
7476250 13873
6713250 143
5865750 9745
2033500 712
38250 14265
6751750 3658
3266750 3168
9513250 22319
12215000 21914
3035250 22400
2752000 3164
3895750 12475
6234000 9021
9215000 14294
6247250 22680
11493000 22828
10521000 7868
10492250 143
3895750 12933
2756000 21092
4047000 29446
317500 7868
8123500 1591
3350250 3384
8324500 16887
6874250 155
5865750 3228
1966250 20425
3312500 19993
1074750 22556
7184500 7868
9716500 11465
9720000 8939
2940000 12168
7892000 15661
1189000 12175
8353250 12285
9706000 18508
69500 17641
9513250 23662
776750 16939
1758250 12560
892500 10097
5248750 27035
341000 9290
9842500 11052
10261750 23896
9123500 12168
11939000 23409
7699500 21672
4625750 17882
6234000 19875
3952000 3196
11121500 13049
6694750 10329
5170500 7868
8040000 17400
2823250 2610
2891500 2257
1969000 20297
6874250 647
1517000 19903
5248750 23623
1909250 21975
154500 25820
1244250 15606
5901250 14575
2476250 23202
5264500 17945
7568750 8327
11321750 13745
3010000 4220
9394500 8965
4256500 4694
6571000 6319
1792000 20154
3954500 26315
2788750 11431
10642000 19814
5034000 10584
4895250 1335
5901250 18937
2331750 7179
1909250 504
7103000 15019
3216500 2963
10628500 11263
8949750 17438
6564500 12637
1792000 20630
2870250 14020
5655250 16406
3719250 3362
1086750 28791
9069000 14580
3350250 14413
1446250 23482
8353250 19702
8940500 11080
9199500 24969
5279750 27435
5491500 2000
10773000 25092
8745250 5848
5012750 13020
3114000 8689
9288000 2683
6247250 19615
8163500 3252
11984750 3627
9512750 17880
4631250 5184
65500 15639
11032250 2963
5539250 3935
4475750 21796
6400000 15672
7687500 682
380000 554
2138750 11029
6301250 28687
6807250 22393
621500 3723
12215000 3164
8910750 29099
5994250 18180
5011500 26523
3849750 9549
11874000 4220
3031750 12977
6874250 14265
8123500 3390
10642000 8257
2771250 22359
7322250 23861
10492250 7868
7892000 1530
7103000 4039
8096750 16722
12015000 15138
12154500 7105
3226500 12394
5780000 5094
528250 2963
11612500 19974
9628250 20750
11321750 21672
573000 19615
9512750 679
11730000 18523
4004500 5211
8040000 12285
4922750 18465
5642000 4949
2316250 679
8049000 26546
4876750 21950
4876750 11431
11225500 2655
4625750 10570
9628250 18024
11794250 3068
848500 24977
8040000 25372
8195000 8943
12234750 2971
3304500 17228
9946250 155
981000 29022
1969000 18575
6848750 21336
9906500 23656
791500 24831
