1953250	12394
6155250	5015
7854500	4949
9215000	14294
2050000	11022
4153000	17835
1629250	29099
11321750	12358
10598500	14165
9706000	13765
8617500	28270
9842500	19048
6848000	24601
9035750	25618
2316250	10948
5440500	25272
2200750	9315
1118250	26665
5780000	2173
11339250	6828
69500	10646
8949750	17438
9706000	25933
11874000	4510
6257000	23628
2752000	3032
8845250	554
4475750	3719
7003500	11196
3009000	7230
8799750	12018
4850000	614
6272000	2803
6694750	18730
1181250	8339
83250	7624
12004000	15307
5293250	3995
10773000	2257
6155250	27653
12173500	1325
3751500	20300
3952000	2128
5901250	14575
7785250	11790
10642000	16754
5011500	6219
5248750	28924
10492250	28752
8096750	22077
1792000	20630
12377250	22556
10588000	9295
7367000	11083
10521000	7868
10261750	23896
6003750	7868
4895250	1335
5898500	7105
6564500	11176
4047000	7208
8573000	28049
140500	14625
5751500	11679
7184500	7868
11493000	22727
1025250	13247
5440750	25029
3350250	25420
7687500	6737
3009000	28347
3188000	16463
9394500	29472
8195000	11080
5754500	28752
10095000	16624
10212500	15959
4073250	17153
8156500	4078
1812000	11196
11142000	17407
3009000	5627
9079500	24447
9842500	7380
9437500	7208
8845250	22484
981000	14153
1194750	4059
5012750	2208
19500	20551
9199500	24969
1063000	24929
3344750	1771
4503500	11936
3977750	13975
2050000	5620
8145500	21883
8070000	29197
3549000	5184
6683750	10169
4475750	23774
1528500	7248
1909250	504
4922750	2669
776750	26699
6301250	14292
5024500	9802
1806750	26394
12371000	11776
1140750	7868
11220500	11431
10521000	18612
6713250	16768
10592750	13093
3363000	18868
6619500	21067
5726500	13779
2232500	11060
10774750	14942
620500	10646
6257000	22749
10774750	1577
7367000	20297
6904000	9111
7687500	13853
8123500	1591
8910750	29078
12417500	28411
4625750	14482
8156500	19974
2448250	24669
1324500	7868
11121500	13049
9716500	28065
10261750	17061
4907500	8965
7003500	25090
3089500	1917
252500	23656
1806750	20701
11794250	29099
239250	12647
3520000	23409
5012750	11196
5539250	24258
10257500	10893
8910750	26614
12371000	12737
2378500	23774
2331750	7179
1194750	7400
9069000	3677
4259500	11018
2378500	26619
799000	24553
1561250	12352
9069000	11456
12417500	8689
10773000	2999
9720000	13830
791500	21050
1792000	16540
5780000	471
1620500	1195
4153000	22621
4047000	3983
1629250	19891
5865750	3228
11137750	12068
472000	25333
11947000	15233
11321750	4262
7218000	18630
1909250	20516
38250	10051
5155750	14661
4215750	21085
11874000	18180
8628250	28481
5754500	23214
3293750	26523
11321750	21684
7375000	11201
6571000	4254
9906500	155
9121750	15946
12028500	11196
10069500	15322
3168000	3082
266500	9657
5248750	27035
6233750	10678
12215000	14942
10261750	23628
5037000	27508
5959000	4078
3846250	15584
1074750	12220
1381000	29099
6852750	27906
12377250	18075
10047250	12132
10533750	17945
8195000	8943
12384250	3658
8523250	25500
10322250	1731
9352750	18075
3952000	21844
3644250	7230
10628500	3324
10642000	5053
11493000	1533
5108000	14020
8216750	24281
11527500	16884
1579250	25424
10642000	10999
5440750	19862
1063000	24196
3719250	4960
8314250	25933
9394500	16540
10309250	18996
1247000	25635
5754500	14784
12371000	11543
1189000	11328
9802000	24601
10790500	7105
2752000	11679
12229000	17389
9628250	18024
3148500	22126
2940000	11272
12377250	5492
691500	14498
8160750	15308
4716750	2963
2752000	26728
11894500	24009
10322250	10702
10642000	25427
10773000	11889
8049000	17664
11579750	15217
11874000	13844
8910750	11330
10261750	14261
5915250	15138
9079500	15741
1710500	14780
8617500	27625
3114000	20536
4907500	8775
2088000	21883
1074750	22556
4782250	9658
7103000	15019
140500	3627
9906500	28411
7657250	29445
9512750	19903
10212500	24081
5999000	26523
1110750	3458
1622500	18771
6003750	5053
1661750	22342
11683250	12541
3344750	3313
11494250	8676
1792000	23214
2050000	17960
8822250	18013
11220500	12285
7367000	21336
5847500	29505
2103250	11022
6807250	10646
11434750	21823
11972750	954
8940500	251
9069000	22393
7184500	10193
9035750	18024
5110750	1739
9123500	20846
10234000	15019
7190750	27791
11158000	239
1319000	5797
11321750	22880
621500	6326
5143250	20411
12371000	8628
10234000	9111
4195500	18097
9706000	9612
3524750	4491
4115500	6731
4195500	9802
154500	5863
7367000	143
10401500	13258
9394500	14588
1561250	17706
1244250	4324
4215750	15302
10598500	9563
9651250	1598
452750	24392
1617250	18002
3031750	18388
1629250	24601
4533750	10908
5012750	5053
5011500	13749
2103250	28855
12417500	15138
7687500	3787
9394500	26712
10756500	14942
309750	15365
691500	20661
8555500	25372
9842500	10908
5865750	11652
10628500	18075
12028500	16540
3895750	5469
4304250	24929
10966250	17087
6003750	4750
1904750	27314
11947000	2322
3625250	21372
448250	15911
4215750	26127
9394500	29099
4184250	241
8529750	9702
418500	15138
2050000	26866
2088000	15019
6234000	12438
8822250	17483
1620500	23735
3350250	3384
9586500	8860
12417500	16406
8757750	26288
5078750	23628
1969000	12220
5769750	26614
3009000	22393
2752000	19405
3031750	16110
5012750	10893
12015000	22240
5754500	10282
3511000	19651
7545250	14381
7143250	28641
8040000	17084
5012750	14818
2920750	23538
4073250	22836
573000	19615
4850000	12512
9123500	15138
83250	25753
1832000	25687
3520000	9563
6257000	16540
10628500	12159
1699500	16716
1710500	28065
528250	8693
10212500	24788
3245250	23878
2891500	3627
1189000	12175
10831750	5640
6571750	16540
5847500	28504
5024500	21110
2492500	20979
5108000	23628
8949750	21962
4625750	29197
5012750	8799
746000	7105
434750	19973
6234000	21372
11579750	12688
2752000	3313
5078750	7260
9906500	8689
7306250	4691
3952000	13998
12008000	4960
3317500	7105
2874500	28370
4876750	11431
6247250	15814
1758250	3091
83250	7989
434750	19394
11362000	5330
4054000	20121
847750	18024
5751500	19680
3520000	28065
5539250	11983
9351750	28930
5011500	20180
5751500	5336
11158000	26422
2386250	948
6150750	15831
190500	20751
6900500	6805
3524750	4808
10229250	23774
6683750	17945
6694750	3151
1446250	23482
7699500	13592
10229250	24541
4770500	4808
2688750	15721
4059500	12159
3310750	23774
1617250	5077
4370750	15638
3581250	28411
7687500	7868
3644250	14661
6634500	6571
847750	12728
11137750	24669
9079500	7868
5812000	2683
528250	2963
10054250	4667
6003750	12285
1446250	20297
9706000	22094
745750	24869
5999000	10908
3304500	8219
1240250	18392
12027000	2322
2232500	679
746000	6571
6874250	14265
10261750	8278
10224750	11679
9079500	7208
6897000	18544
8353250	27205
65500	29202
252500	6199
4475750	20551
9906500	23656
4963500	15534
10598500	24385
6848000	26619
2752000	5667
8216500	25308
4304250	10999
4133750	25372
2182750	18808
1617250	12283
11169500	10014
4770500	2610
4063000	19974
2752000	5043
7367000	17945
4475750	259
7715000	11790
799000	29099
8702500	23779
3114000	23928
3009000	12964
731750	7692
10966250	251
12028500	13390
10598500	7105
4475750	2227
9288000	11328
3310750	14952
791500	24831
1661750	14020
3344750	28524
1063000	22749
1319000	599
83250	6174
4963500	16572
8072250	19036
8435250	23896
8314250	11196
6301250	8689
5491500	25989
1661750	9802
10401500	12189
4153000	21865
4625750	26000
791500	20297
1140750	14261
10642000	7567
1909250	6326
3216500	28992
11896000	16564
3644250	17781
7600250	24869
5012750	1335
2378500	12886
9076750	17748
5108000	4254
9351750	17921
11321750	10879
5780000	15315
10533750	13451
9352750	28759
1620500	28774
2316250	9688
3010000	4220
11321750	4238
2870250	29363
7435500	7975
4115500	14470
3350250	18736
4376250	8689
415500	23164
4902250	8207
140500	10480
3742000	23656
10234000	19402
9069000	15302
731750	9195
6957500	27448
3520000	7105
2688750	22749
10642000	27625
5780000	27257
799000	25839
5742000	22307
6126750	15019
4625750	17882
6155250	4220
1240250	20297
3211250	7173
5865750	4238
5962750	9640
5261000	24788
1579250	4078
3952000	4648
9163000	23475
3009000	14695
6807250	22393
1727500	4452
9706000	29099
6897000	24177
7687500	12364
11612500	5848
9123500	2610
4059500	16463
11632250	25022
1971500	7230
11493000	12453
3310750	24083
7703750	18075
11949750	13554
9685000	17032
3031750	12977
11947000	24417
1758250	28481
2788750	11431
6400000	2600
10578000	20896
1517000	4808
1118250	10970
3675000	14292
691500	6080
10309250	11734
309750	4545
5336750	11000
1792000	9301
11936000	13020
5898500	23433
10234000	28653
4625750	10570
10443000	14482
10628500	27791
12231250	28149
3304500	3804
8163500	18868
10309250	15192
12154500	7868
6957500	22029
3675000	15024
2050000	15231
1492500	24886
1528500	28370
1074500	12606
11158000	21930
12015000	26900
9436000	504
9706000	20297
1063000	22280
11730000	18523
11957000	23907
11131750	882
5354000	10014
10069500	7868
4712250	18388
5847500	21865
4625750	22749
563500	23928
5655250	11196
4907500	11060
6257000	23563
4256000	17771
3304500	24461
11552750	23448
8528750	15315
5655250	3702
6807250	5712
3009000	17732
1909250	24645
7687500	5369
3913250	13240
3288250	6395
69500	18730
8040000	11018
6571750	5661
11730000	12914
4073250	27415
1953250	14020
11564250	1831
2316250	18180
6412250	15159
6683750	5267
691500	23013
2807500	11329
1561250	24307
11121500	15799
1629250	9120
12371000	17514
380000	12329
1727500	3228
4215750	11391
1688750	7248
4712250	20902
12173500	554
11949750	6571
3846250	8719
1319000	10449
4037500	14523
1617250	19405
7703750	18730
4376250	28368
5110750	25793
3846250	11679
10229250	8689
11137750	24869
472000	23584
599750	20297
12377250	3151
5254500	21672
1194750	5306
3903500	1392
7218000	22317
1063000	20551
2688750	155
4047000	29446
10064500	22583
1661750	3151
892500	10306
4770500	20297
3226500	22240
10533750	14261
4475750	19113
3742000	13020
7163250	20154
1086750	18977
232000	21865
2788750	10702
4625750	24471
7703750	3651
848500	259
10261750	5285
7600250	3228
7703750	22908
6848000	23622
791500	23492
11730000	471
6852750	7208
9035750	17732
10818500	5334
6400000	2452
11434750	7071
9179500	12220
9706000	12168
9706000	849
5024500	13888
1189000	23628
8280500	17972
8845250	23928
9394250	29203
6150750	4835
10696000	11022
282500	1962
4625750	11734
140500	23779
4317250	15159
5754500	25618
6266000	23774
10492250	12606
6126750	25117
7269750	19475
7103000	23662
9069000	28017
3849750	9549
1971500	8316
12417500	10570
5011500	23779
1063000	530
8149250	11679
8702500	8257
6257000	12285
10257500	4281
7927750	15065
5440750	20045
10628500	13784
847750	28169
3795000	29099
1661750	1731
2103250	7567
8845250	17214
1074500	16602
11874000	4220
11391250	28924
3787750	26969
8799750	20826
12215000	8637
9802000	5883
8909750	22342
8040000	15138
11701500	4281
3751500	23284
6572500	29099
3148500	28561
38250	14265
11939000	23260
11307500	20300
299750	24601
5037000	27791
7699500	23698
10052000	143
11129250	949
2088000	617
791500	10329
6003750	26618
380000	1773
3903500	15514
4716750	29202
9244000	13442
5539250	7868
10069500	8637
4304250	16846
7703750	527
2852250	11682
746000	21865
4844000	5598
69500	15315
439000	26404
5078750	25329
12371000	25570
7190750	9413
10229250	24869
9842500	25086
5962750	5803
1909250	10014
10653250	20180
5962750	16800
4963500	21092
9173750	16540
9351750	14580
3590000	7567
4304250	7868
9394250	14894
83250	28885
4782250	10778
965500	26378
11947000	28967
6412250	13354
9706000	6740
5254500	25488
4658500	17453
5110750	3324
7190750	14526
12417500	16846
6848750	21336
6874250	11080
4625750	24869
2033500	712
12371000	2254
9035750	27052
3009000	11000
2788750	18515
3014750	2353
2378500	2669
8324500	9848
1832000	10916
3751500	10193
2688750	3181
725000	17835
2232500	11000
8156500	6447
5754500	14020
11078500	9275
4631250	20896
7699500	5848
3211250	11076
3054250	5448
5769750	2455
3963750	3590
8049000	3850
7016500	26546
7367000	13607
11137750	19891
1086750	1084
8111500	11018
11137750	22447
7687500	14603
6852750	4949
691500	29445
6301250	11543
380000	14174
4907500	5712
7323750	27019
11730000	1446
1244250	28183
10234000	25086
12275500	23134
4844000	7868
8909750	15681
9199500	29099
4625750	22321
691500	15390
3148500	4762
9079500	11022
7269250	26180
3963750	12977
8102000	768
4809750	23884
9035750	18544
12173500	28370
10052000	22126
10642000	7576
11972750	21693
799000	3555
9651250	26754
10224750	21393
10492250	20045
791500	14712
10654750	12212
12417500	5478
2033500	8689
236000	17690
8701250	1884
1971500	22043
6412750	12666
8757750	24601
8049000	4582
11701500	4366
3188000	26618
3001000	21995
5828250	4808
11625250	18990
9069000	19937
5143250	23549
393250	13093
599750	12285
2187500	23628
2968250	16463
239250	28481
7715000	24978
4376250	27407
3282250	11857
11564250	9140
9123500	14694
10642000	1966
154500	8689
11078500	18024
4153000	26523
9394250	17087
12231250	27155
2752000	14074
6998500	201
10443000	10570
7143250	23896
4716750	8511
8353250	12285
1063000	28481
573000	18868
8940500	13784
83250	8769
9039750	14580
9215000	8651
4370750	23628
9179500	27637
12015000	5176
8040000	13872
8845250	16722
7306250	22359
8129250	16323
7703750	7542
6713250	2367
2331750	19539
9123500	3433
5780000	1000
1194750	24669
1194750	6543
9035750	17977
6571000	27052
7687500	619
1758250	6571
5254500	15478
8060000	18024
2788750	11176
6266000	4939
9079500	25272
2378500	19974
11321750	6242
6003750	10726
1782250	24460
10628500	12013
6258500	12068
6150750	17429
6412750	7208
200250	25570
7322250	23861
5654000	4571
2386250	7061
6874250	12747
6996000	13754
6234000	17020
7687500	14498
8111500	12790
5170500	17581
848500	7286
1620500	5833
3350250	1672
8628250	20979
7699500	9802
3590000	28924
1629250	18024
10234000	14261
6497000	7927
6874250	12168
9394500	8965
791500	8738
10642000	23831
5261000	11000
472000	3515
6458250	23475
10000250	28256
12239250	25618
7703750	8278
9782000	7248
6957500	12754
10052000	11696
691500	27912
1086750	7868
3054250	12285
9352750	17133
4844000	28362
848500	23628
5254500	24601
8216500	3746
9079500	27314
10047250	3555
9685000	3185
3963750	4949
4876750	11378
1118250	19096
3344750	11022
11535250	16463
5539250	155
10578000	14073
8049000	1704
6713250	1758
8040000	12994
10443000	23628
6003750	7737
4853750	25596
6272000	12055
3304500	17228
6897000	7626
5238000	21833
6412250	7260
11340250	26973
3009000	8724
6921750	19197
11321750	9906
1793250	2033
8096750	28641
4304250	679
11701500	16481
764000	18990
6257000	21071
12008000	25618
5968250	13097
691500	28641
6564500	12977
1767500	14626
1118250	3068
981000	14020
6299000	25830
1528500	23774
10000250	6171
6412750	3719
5726500	23465
11957000	21995
7687500	16453
6257000	14795
1911500	21815
3304500	25169
12173500	3627
8280500	16674
5962750	5151
7687500	12182
8156500	6951
2771250	476
10598500	155
8216500	14159
5828250	9031
6564500	21950
4454500	15019
5491500	20803
8170750	1966
3344750	27427
1782250	155
252500	18544
8049000	20979
9706000	6364
7687500	28625
3952000	29099
4963500	18002
12231250	24274
8435250	18730
691500	14554
5440500	17945
9039750	1293
6458250	22280
11321750	27205
7657250	2043
1629250	21392
1561250	22973
2807500	27117
1118250	14794
393250	22306
1525000	11196
4256000	3324
691500	239
3895750	12933
3148500	12795
12371000	23896
10112000	6839
8280500	19
4475750	13592
7103000	15423
8129250	28617
2752000	27906
4625750	1000
10818500	1038
5226250	24669
1063000	14165
9173750	13784
7103000	12586
1517000	27205
10578000	13778
4153000	14942
6126750	25169
2078000	7622
2103250	25219
3014750	7868
11283500	12220
7854500	527
2968250	14273
10401500	27791
2968250	11624
1517000	16302
2771250	1494
6247250	25618
4907500	11196
3304500	4931
1104500	18678
5968250	16406
2688750	1739
1194750	25169
371250	25596
6571750	155
5539250	18075
6458250	27205
3188000	18025
746000	155
8243500	24869
5751500	25488
5078750	14596
10229250	22179
2852250	21706
11046750	7169
4782250	27791
4967250	28391
3114000	21092
2331750	8628
1528500	26546
2874500	3047
9972250	15138
11984750	3627
11131750	29472
11874000	10014
4907500	6374
11313000	11018
10309250	14942
2103250	4220
3031750	18131
2050000	21659
10609250	5330
1688750	12220
6334000	10627
2891500	8027
6872750	20393
8160750	18529
5226250	8689
3524750	26871
7703750	18868
9079500	4691
83250	1731
8160750	3958
65500	21840
9069000	24534
6272000	17400
5780000	17061
3520000	1700
6683750	29551
5012750	13020
380000	5620
1909250	15992
7143250	22087
9512750	27205
4809000	22211
4922750	18013
5901250	12606
1953250	23984
6003750	23628
12417500	3983
236000	18275
1194750	20551
11158000	28876
2752000	22179
1906000	2438
2688750	3774
3846250	16722
12173500	15405
9586500	24601
2050000	5306
5279750	2368
5254500	7868
4475750	20536
9671750	26722
2940000	11767
3350250	3409
9706000	23340
10533750	19974
5751500	24878
10642000	21334
3977750	21869
7699500	1546
3363000	15315
11121500	8530
791500	16606
11300000	2963
861750	23284
6780500	10893
6694750	23007
3895750	12475
6713250	24344
2704750	13592
8195000	21672
8060000	19882
9121750	21838
10944750	28752
3096750	11541
847750	21684
3148500	16217
452750	15638
3009000	12327
12015000	15138
8523250	7827
12004000	18683
8160750	17641
8243500	4931
7476250	29099
83250	21238
7699500	26127
1699500	24715
4716750	13784
6780500	25676
1525000	2257
2078000	17752
9179500	17629
4259500	29099
3031750	14020
7163250	26595
8314250	27618
10322250	18575
11111500	4216
11493000	14661
11137750	934
434750	6104
12008000	24274
3799500	21768
11579750	8410
11321750	4294
12173500	21110
1904750	23928
5780000	11022
7375000	11857
11321750	21672
140500	18730
4184250	4949
12008000	17647
3009000	21840
9121750	19974
5078750	10329
3344750	8805
12371000	17767
5440750	14853
9513250	20800
12275500	7572
3009000	28411
1688750	3145
5742000	25248
434750	4571
5170500	6096
11321750	19891
393250	20154
7588000	7105
12204750	6571
2920750	22400
10443000	13460
10064500	8269
7687500	19574
2768250	23421
1517000	7208
6400000	20551
1194750	12737
3266750	5416
6301250	14942
1561250	21511
1904750	9138
3644250	4381
1661750	3324
7568750	12285
3304500	29099
7854500	7552
563500	10778
452750	14796
4680000	16463
8040000	239
12371000	25086
5037000	7868
2198750	13054
10234000	10970
4454500	26699
8617500	26619
4782250	5724
9437500	15718
10768750	19993
12234750	10176
10064500	29099
2378500	10014
11494250	11196
5539250	8689
711500	26722
9706000	742
3216500	2963
9163000	6571
4376250	21225
472000	6211
1194750	679
6458250	7692
620500	21840
2870250	8327
3913250	5845
4454500	27117
2870250	17606
5037000	14796
9716500	6908
6099250	13244
7143250	24281
3963750	11176
5693000	21899
5110750	8414
1459000	6147
8145500	18124
745750	21071
2331750	27179
2198750	9250
10297000	25058
8949750	16818
11321750	28481
3009000	19014
12028500	21975
11434750	9985
3096750	15315
4547500	8257
6380000	20327
3009000	15019
691500	8764
1194750	7827
1971500	11000
9394250	19014
5254500	12717
12028500	21392
9782500	6352
10642000	26728
10539250	1461
6766250	9109
2874500	7868
10443000	19466
7892000	1530
2870250	14020
10713250	11220
11874000	1282
3014750	18558
7218000	10702
4876750	949
5654000	5896
6874250	13483
3511000	13020
10588000	14020
1063000	15019
10054250	19660
12028500	18496
9512750	4239
4631250	29099
1140750	6741
10533750	24601
8040000	23285
145750	11578
9394500	14533
6957500	1065
10642000	9782
10578000	26523
4475750	4949
528250	155
5952250	5094
154500	13830
2168250	7868
2050000	18996
5012750	5043
4625750	17945
6301250	574
10642000	20536
9076750	18575
3751500	28411
3249250	26394
2378500	14795
3511000	14020
3952000	25917
8314250	4626
725000	20902
6234000	16463
5642000	10840
6257000	11849
8909750	24054
4215750	9340
2138750	14120
5256500	614
1909250	18180
1953250	6783
10642000	251
1194750	27052
620500	934
12204750	7963
5407750	16373
4770500	5797
3148500	7620
11158000	6738
12234750	26736
5078750	23071
4257000	27625
11957000	21078
1517000	15086
12417500	24601
2428500	17153
5769750	143
776750	12717
1531250	7026
1909250	23470
11321750	13745
