11129250	24541
4852500	11080
1629250	22280
4256000	27791
10261750	18805
2975500	2683
5642000	10726
8102000	10893
9215000	6352
11142000	143
5024500	18805
8702500	7868
12215000	8637
8163500	28410
835000	5848
417250	12068
9979000	25372
4378500	8637
9513250	18024
5655250	2257
3009000	8689
8845250	7868
2756000	2198
1531250	12220
5780000	24541
2033500	12352
2168250	23284
12371000	12394
4631250	2257
10592000	21628
1838750	3228
6694750	12352
4956000	7963
1971500	8637
776750	2257
563500	23284
5865750	27511
7483500	25372
8129250	7868
11947000	12168
8243500	4949
7435500	4078
7699500	14261
10773000	18805
9782000	29364
2752000	3032
10261750	14261
3344750	24196
10064500	12220
711500	26722
3644250	18024
10696000	14887
10095000	14261
8910750	18180
10064500	12394
8757750	18024
8940500	28410
6061250	29203
2103250	12394
1104500	12220
2756000	11176
7450000	7868
2704750	3658
3035250	7868
4658500	11080
9628250	23779
2200750	12068
8096750	9567
5037000	14261
3288250	6672
10492250	7868
5642000	679
9121750	18805
1140750	19421
12377250	29231
2891500	11176
4133750	10893
8216500	22552
8909750	15138
11142000	3627
9123500	12168
11590500	7868
12215000	7868
6234000	7868
7383000	7868
439000	12287
3861500	4949
5293250	12220
69500	8637
6807250	11196
4475750	3627
9121750	3228
3257000	7868
1909250	25372
6713250	24541
6299000	7868
12154500	17640
282500	12055
9839750	11767
9513250	911
7600250	2257
4259500	18805
3304500	11080
8111500	14020
981000	7105
6301250	29547
6155250	1031
10653250	18024
11493000	7868
5742000	5593
12377250	8689
3520000	14020
7699500	11196
12229000	7868
7034000	27117
776750	3228
1528500	12541
11612500	25372
2492500	8637
6807250	4078
5108000	27117
12215000	11176
1118250	11176
10773000	9620
8324500	14020
3913250	8409
2050000	20180
1381000	25329
439000	7868
7060500	4949
4073250	12271
5264500	12352
6694750	12394
11169500	14020
4184250	11080
12008000	14261
1812000	11196
10966250	11176
415500	554
11129250	14261
7184500	10702
2852250	28410
563500	3658
6694750	18075
3723750	14020
5264500	8689
371250	29203
7163250	17959
10642000	911
11701500	2410
9706000	12168
9163000	7868
6247250	5848
7218000	17214
8617500	12055
5155750	679
6233750	21865
2033500	11176
69500	12220
69500	11196
1622500	24869
9173750	12541
8195000	143
2752000	527
2088000	14261
3520000	7868
8702500	14261
11313000	22280
8072250	11196
6849750	3228
1140750	12541
1969000	4571
9163000	4949
10229250	3627
3010000	13975
2316250	679
2921750	21865
11321750	29547
6766250	25372
2200750	4571
6921750	6203
10492250	27511
10653250	7105
5957500	29203
4059500	4571
232000	29203
2168250	8689
2253250	11080
6849750	5848
7703750	12394
11701500	5848
5254500	679
8940500	11080
3981750	2367
8628250	18805
6247250	10840
10696000	26288
3009000	679
252500	23861
8216500	26288
7699500	26722
3952000	3627
4256500	2410
11984750	11176
11984750	16754
10069500	8637
7810250	8637
6694750	24196
3031750	4324
4370750	15584
5155750	25669
2480750	23284
9079500	2410
10054250	25372
1724250	14020
4186500	11196
981000	18805
5745000	11080
4770500	24869
2200750	143
7600250	21911
1173500	15019
2870250	14020
5264500	22280
5226500	12220
3054250	14020
12154500	8792
5899750	12220
3009000	554
861250	17214
4625750	18805
11939000	11767
1971500	25366
6619500	3627
6998500	12352
11313000	27625
4967250	7868
981000	4949
5780000	4571
1971500	19421
8745250	143
341000	8278
10588000	15138
1985250	2683
8100250	7868
5287000	12394
9906500	12394
725000	4078
5780000	17214
10642000	11176
12371000	25372
8163500	14261
573000	10840
8555500	18180
1906000	2683
10492250	11176
2103250	12352
4475750	6352
4370750	7868
1953250	3658
3054250	3627
10653250	12352
5155750	18024
2378500	28017
4895250	24541
10052000	22280
5226250	8689
9163000	6158
10592000	11767
12173500	15405
7361250	24541
2480750	10840
3031750	27117
11612500	29203
1622500	14887
5170500	14020
8435250	3228
8346250	4571
3913250	9948
6150750	15584
239250	24196
2076000	11080
11169500	6352
4956000	19466
6099250	17214
8845250	6203
8909750	15584
10521000	25415
4902250	10702
2975500	25329
1173500	10702
835000	8637
4184250	8689
563500	14261
10492250	12394
7699500	679
1189000	15584
9215000	15138
7699500	7812
9344000	15138
69500	28410
1140750	8689
3981750	14887
1934750	7868
3310750	8689
5239500	25372
2968250	18805
5655250	11176
5906250	19217
8195000	8689
528250	14020
8051750	2257
4447000	7868
6766250	29203
6694750	11176
4770500	18075
7445000	18075
5155750	18075
2752000	10726
8730250	12068
4047000	18805
563500	7868
69500	14020
7927750	3032
981000	8689
11939000	11196
5254500	12352
1971500	8257
11169500	15584
4956000	18805
10492250	6672
239250	9657
7898750	7868
7588000	28975
1832000	3362
9069000	9620
8040000	12541
8111500	10282
1459000	25372
19500	19421
5745000	26722
1459750	14020
7034000	8257
2823250	25329
563500	10171
4004500	19686
11701500	27511
8730250	11080
5654000	23861
10309250	10282
4259500	12541
1561250	14261
6301250	19217
10393750	24541
10052000	25372
5655250	11080
11142000	11176
9121750	25733
2182750	2257
3588500	8637
10054250	29203
5139250	911
3588500	24541
8529750	12220
4770500	24196
6807250	25372
282500	25372
8573000	12352
9173750	14020
1911500	19421
7892000	11196
9173750	7105
10492250	21336
1459750	2683
10628500	24869
11949750	2198
7568250	12394
11564250	6104
8353250	29203
1710500	11176
12215000	12352
563500	26288
7306250	7868
4257000	11196
7184500	4571
3249250	15138
4370750	4078
5143250	14482
3981750	11196
3317500	14261
725000	6672
393250	679
8033500	14020
299750	11080
8702500	7105
5034000	14261
591750	12220
4852000	9620
9972250	7963
5655250	143
9807250	7868
2920750	19421
2198750	12394
1909250	679
5024500	2410
5108000	12586
887750	15019
8111500	12352
2874500	10840
3035250	11080
1118250	17214
2200750	14020
10653250	29203
7116750	25372
4186500	12394
11874000	12220
4503500	21628
10619000	29547
4087750	2257
7657250	7997
3304500	22269
3913250	3627
3310750	24869
1629250	12220
7703750	23284
11313000	9567
5898500	26722
3249250	22246
3031750	25372
887750	19466
6155250	28975
2557000	7105
12154500	3627
11129250	12168
10063000	10893
9173750	143
4770500	21865
5780000	21865
4956000	4571
4257000	4949
10915250	21911
4770500	12394
11747250	17959
11313000	11080
64000	12394
3520000	12352
2968250	12220
11527500	25372
5654000	11080
731750	679
2253250	29547
1194750	8689
4907500	14020
11747250	19466
8156500	25372
4895250	21865
12377250	14020
3723750	4078
11957000	12586
8940500	29203
5264500	14261
11747250	11080
3592750	15405
5440500	8637
7143250	29203
5697750	27791
10773000	911
7600250	7868
1911500	8689
7699500	18805
4852000	22359
239250	11080
2480750	24306
9199500	9567
11225500	3740
563500	25329
6713250	4571
299750	15138
7600250	4949
8215250	8689
7927750	26288
5226500	3627
892500	25329
10054250	14261
8216500	14020
5264500	2367
8195000	26288
8869250	8689
1446250	7105
1492500	11080
2920750	10171
599750	9657
434750	27511
5108000	2257
2492500	7868
10234000	28975
11158000	28410
10095000	18805
9394250	11196
439000	16821
12231250	26722
3573750	26722
1181250	23284
2891500	8027
1966250	3228
6015000	23861
7892000	25366
8017000	22280
5655250	8689
10592000	12220
11747250	18805
2386250	12394
10592000	24541
7699500	8689
5078750	554
69500	12394
4376250	4571
2921750	27791
8149250	11196
4895250	23779
1966250	26722
8129250	11196
11613500	7868
5024500	12168
8243500	12352
6807250	29203
1074750	10171
8163500	2257
6874250	28410
7103000	11080
239250	29547
7218000	24196
8049000	2257
9163000	12394
5642000	7868
8163500	6672
6258500	3627
9513250	2257
5354000	20180
1966250	12168
8435250	11196
5655250	4949
848500	14261
746000	143
2920750	14261
4370750	1666
3326250	12271
5155750	7850
6694750	11080
2891500	26722
4895250	25372
4852500	911
8649250	4078
5780000	23861
2807500	24541
563500	15019
2050000	143
2940000	11767
1194750	27117
8702500	3627
4133750	25372
9512750	11080
7898750	4949
4259500	4949
10054250	10171
1446250	8689
7892000	9472
5187750	3362
11984750	2683
10696000	25372
8848250	25372
10443000	4571
10592750	7868
1710500	4949
3031750	29203
10401500	11080
3288250	8689
6061250	14261
6247250	27446
11158000	8637
2752000	5470
6247250	11176
776750	11176
8940500	911
11601500	679
4153000	9567
4503500	12220
3581250	5848
9163000	11176
4454500	27117
1194750	8637
4625750	13975
4475750	4949
5011500	4949
11794250	6352
10774750	12352
11747250	3627
8170750	19217
3573750	14020
5264500	12220
5220750	8689
3014750	21865
11527500	4078
3054250	29203
11527500	27791
6694750	23407
8845250	8689
11169500	17640
6061250	19466
7699500	3228
1517000	4078
5170500	241
9438000	8689
12377250	7868
8111500	27625
69500	2410
6515500	527
434750	12394
3913250	8689
10069500	7868
4376250	4220
236000	8637
9706000	24869
2316250	4571
5279750	4571
10521000	7868
2988000	22482
11939000	2257
3861500	11080
6247250	11080
2752000	9620
892500	18805
6412750	14020
6874250	12168
1953250	14020
1724250	2410
8435250	14261
5261000	21865
5906250	143
10064500	28017
8314250	11080
11307500	14482
4625750	25366
9163000	11080
10297000	4324
573000	11080
5254500	24869
10443000	8689
10302500	679
4852500	24541
8216500	4078
4475750	5848
6014750	12220
8702500	5593
10443000	14261
5901250	11176
10492250	7812
4809750	11176
8040000	14020
3054250	15138
6155250	14020
8040000	7868
2626250	7868
8353250	11176
1911500	14261
7927750	7105
6061250	18805
776750	22359
1240250	8689
3304500	18002
5082500	7105
11646500	11176
10443000	9620
8163500	7045
145750	24242
6015000	21865
6247250	26728
9586500	7868
5082750	6672
3520000	23779
42000	4571
239250	7868
3742000	25372
1985250	11196
9842500	18024
6694750	26722
3861500	7868
599750	14261
266500	10282
3977750	1037
11957000	14261
2807500	24869
1971500	27791
6140500	28410
4963500	25372
1140750	3032
11984750	26722
10312750	7868
9513250	11080
2921750	26722
5654000	4571
10592000	2257
6140500	554
1710500	14261
11535250	2257
4880250	12220
892500	3627
5655250	14020
1617250	18024
10642000	3627
9592500	26728
65500	4571
8845250	10840
2940000	26722
434750	7105
439000	6104
5052000	7868
981000	12394
10054250	19660
10312750	2257
5642000	29547
10234000	14020
8730250	26722
9079500	12271
7785250	27446
5170500	22280
9671750	4078
3031750	14261
9706000	7737
7703750	26722
8040000	26288
4547500	15584
11701500	23284
5024500	4571
1911500	3627
382250	11767
832250	27791
9706000	26288
11632250	18024
11794250	22280
2882750	11080
2331750	21865
5962750	7105
9394250	7105
7927750	12674
11947000	11080
1194750	24869
12384250	7737
9215000	12220
1561250	12220
2797750	8689
7892000	2452
12377250	2410
776750	27791
1181250	6203
5812000	20506
3312500	22280
9782000	15138
776750	527
7034000	3032
7854500	527
6897000	12586
11321750	12586
8163500	26722
7545250	143
3846250	12220
8702500	11176
2975500	2198
2940000	911
11111500	25372
3226500	8689
2050000	10702
1086750	11080
6751750	12352
8523250	8637
5078750	23407
1792000	15019
2797750	3658
10309250	5848
4259500	11176
9121750	7868
5915250	2367
1528500	22280
65500	14020
4547500	12068
1622500	11176
1173500	5848
11683250	12541
5292000	25669
11169500	4220
2921750	679
3592750	7680
12377250	18075
19500	2257
892500	9567
10642000	3032
4907500	17959
9163000	3228
6233750	4220
5238000	9620
232000	7868
1661750	3228
3520000	10702
5780000	11176
10592750	9567
5780000	21336
8702500	11080
7545250	24196
9839750	28410
8111500	11080
1173500	7997
9807250	2367
12275500	25372
5052000	12220
65500	20180
5336750	17958
5238000	11080
1911500	2257
2808500	24196
2050000	4324
38250	11176
5336750	26722
3742000	27791
8129250	3228
9694750	24869
5769750	3228
5901250	3228
7892000	25372
10944750	25372
8195000	21865
8149250	25329
5354000	12352
2704750	22359
10063000	2257
691500	8792
452750	6672
7886000	5848
65500	18024
10069500	15322
10401500	27791
11947000	13103
5642000	12220
10052000	7680
11313000	7105
5642000	7963
3363000	27117
11340250	241
981000	12220
8163500	15019
2428500	7680
9979000	679
7476250	911
6247250	18805
5522250	2257
9906500	11080
11730000	29364
5108000	9567
5865750	21911
4073250	11080
8163500	19466
11307500	22359
7892000	23284
776750	23407
6700250	1015
8324500	12220
9076750	25372
3913250	14020
8195000	18024
8353250	12271
6003750	25372
1381000	14261
8628250	3032
382250	6352
9069000	28017
6564500	679
745750	12541
5742000	19523
2752000	12243
892500	143
10578000	7868
8017000	23284
9069000	11080
12231250	3627
2940000	2683
10773000	12352
7003500	14261
7367000	12394
2975500	4571
1381000	2367
9513250	29547
12234750	4078
4963500	2683
7810250	27791
981000	11176
9244000	7868
12215000	6672
9946250	21865
2033500	3627
8216750	9567
5155750	9657
3031750	26722
776750	14261
2975500	4949
10521000	9472
4902250	18805
7483500	7105
4880250	19217
5742000	26728
10492250	4949
887500	29547
6654750	14261
11129250	6672
4907500	22280
1531250	12394
2975500	14020
1911500	7105
8701250	4571
8799750	11080
1985250	18075
5108000	11080
1710500	8637
6683750	29203
7600250	11176
4259500	17959
10713250	21865
2752000	21865
6564500	2257
19500	143
8163500	25329
528250	27117
2891500	819
1025250	29203
4037500	25372
10057000	27625
1969000	18002
10774750	143
4475750	8689
5108000	29547
5279750	3228
6234000	12352
11984750	6672
8216500	15138
1911500	11196
835000	14020
5024500	15138
3257000	18075
567250	27791
5024500	22280
2033500	6672
5642000	11767
8702500	29547
2088000	26722
11761750	23407
11440500	29203
12371000	24541
3148500	10282
1531250	11176
6694750	3627
10312750	9620
5012750	8637
5491500	9472
7568250	8689
10696000	3740
1622500	7868
4184250	2257
9842500	18805
11313000	24869
4902250	7868
7483500	11080
10069500	15584
10018000	25372
10492250	26722
2168250	7868
3317500	14482
9351750	9620
9807250	241
11340250	25329
3288250	12352
3981750	27791
8385000	23284
4907500	24196
5407750	11080
8730250	911
7892000	29203
1561250	28017
2920750	911
11984750	18805
4447000	12352
5655250	22280
1531250	25372
4895250	9620
6766250	10893
12173500	554
11957000	6672
6897000	8689
6780500	4571
12384250	23284
2874500	143
4257000	24196
5655250	18805
8216500	6203
9512750	12220
3795000	7105
38250	18024
1074500	9567
4533750	4324
5108000	11176
11761750	17958
11169500	12220
6564500	7105
12377250	25372
3588500	21336
11142000	18805
4257000	3228
3288250	19394
4184250	14020
1971500	25329
5642000	6203
8040000	2452
12417500	7963
1074750	11080
7927750	16754
19500	27511
10818500	24869
1617250	23284
7450000	12352
2874500	7868
4336750	12220
5059000	17214
1629250	143
5034000	6203
11321750	7997
6014750	679
8111500	7868
3310750	11176
4895250	4571
10976250	12394
10095000	9657
7703750	554
6257000	3740
1727500	7812
11701500	7963
4770500	28017
12027000	21865
1909250	4078
4625750	10840
11601500	11080
10653250	143
11129250	2257
8573000	679
11535250	12394
4047000	21865
154500	12168
7886000	10282
11947000	7868
9706000	23284
8845250	17214
9079500	25669
4809750	679
11984750	3627
4193750	11196
6400000	12287
8216500	11176
341000	18805
5865750	18805
1063000	15019
8051750	21911
10653250	7868
6003750	8792
8869250	143
4256500	22280
434750	3228
10492250	26728
3363000	2257
5780000	14261
691500	7850
7476250	2198
3149000	8689
8111500	527
7450000	27625
691500	527
3031750	6672
6700250	11176
1118250	24306
5754500	143
2331750	18805
10054250	1079
5812000	2683
10619000	4949
12154500	17214
11579750	26722
9039750	11196
8702500	15138
3249250	7868
10768750	6672
9244000	7737
7545250	21911
3031750	2257
6155250	15138
7034000	29203
1971500	19466
11169500	143
8617500	4571
9782000	2198
5012750	7963
1561250	25329
9394500	4571
4658500	18075
11129250	3627
3009000	3228
1909250	12541
10393750	2683
1622500	14261
3031750	3627
4184250	11196
1911500	3228
3588500	143
2788750	19217
4259500	9567
892500	14020
8215250	14261
2200750	27511
6061250	4949
6998500	8689
9179500	11196
9906500	12220
3913250	241
4257000	27625
11129250	11080
8730250	9567
3588500	25372
4215750	911
2331750	3627
5642000	7812
10312750	12352
2771250	143
4087750	27791
8702500	18024
10713250	29203
8149250	6548
5139250	11080
2200750	12674
1617250	27791
6003750	24869
1173500	15661
12239250	12271
9215000	12394
5655250	7868
2557000	3740
10069500	4571
11313000	3228
8430000	25372
1492500	3627
1531250	527
7143250	6672
5654000	26722
3952000	12220
6564500	11196
8195000	14261
5170500	4949
1531250	22359
892500	18024
5336750	3627
9811750	4571
11142000	7868
2756000	13975
2316250	9657
2788750	12271
9512750	23779
7163250	9567
3963750	4949
2050000	10282
11558000	14020
8040000	8257
439000	14261
8730250	8257
5293250	679
1194750	25366
439000	3362
3963750	14020
7898750	11176
11782250	18002
3404000	22246
9288000	26722
11313000	15811
2975500	11196
3288250	7868
7892000	911
9436000	15661
7450000	14261
5254500	22246
8243500	18075
6003750	15414
8129250	25733
1459750	12220
4895250	3627
11923000	8689
5780000	24306
11283500	12220
9163000	25329
9199500	3228
1104500	7868
3573750	11176
4475750	11176
9592500	17214
5239500	23284
2891500	2257
5024500	29547
11131750	14482
892500	7812
5226500	21865
4557250	7868
2253250	2683
2975500	12220
2823250	2410
8949750	6104
1617250	12068
10592000	11176
10492250	24984
7034000	1031
8529750	18075
2316250	26288
8940500	7105
5034000	11176
1324500	2198
1104500	2257
725000	14482
8215250	14020
7699500	11080
2874500	29547
3742000	18805
2752000	11176
2975500	14261
10492250	18805
5279750	21865
12215000	18805
69500	11080
7450000	11080
8033500	12220
3952000	679
7699500	22280
1492500	16821
10592000	25372
3588500	27791
2033500	4949
776750	3627
11949750	29547
2103250	24541
725000	12394
5751500	11176
3644250	18843
7184500	7868
9173750	7868
5847500	2257
145750	11196
12229000	21865
5226250	18075
239250	5470
3846250	26722
4770500	12271
1724000	18024
8216500	8689
8195000	911
10642000	12541
1140750	21865
154500	11176
4956000	527
2870250	15096
4257000	4571
3031750	11176
12215000	4949
6564500	4949
2078000	12271
1561250	3627
6694750	10893
472000	29547
4059500	11080
8195000	679
4475750	679
5959000	2683
6766250	29547
8156500	2198
1086750	7868
11794250	12220
2807500	25372
10588000	14020
4804500	24306
8385000	7680
11158000	14020
5336750	11176
4256000	25366
3031750	7105
9212500	22280
8529750	22583
8216500	1666
11874000	14020
11601500	12220
6874250	11080
5155750	19421
6523250	14020
5261000	25329
3675000	18805
1629250	12394
7375000	27625
1324500	12394
4118250	3228
6874250	2683
3317500	7868
6400000	2452
8163500	11080
7306250	21628
439000	26722
11313000	8637
9103250	12220
5238000	527
4257000	18002
2557000	7868
10972250	23779
2033500	18024
832250	12271
8216500	25329
10628500	14482
2874500	9567
439000	25415
5239500	29203
2232500	14261
4625750	1666
3249250	14261
3031750	26288
2920750	6104
9586500	21865
8243500	11196
7435500	14261
5108000	14261
1966250	6672
10443000	11176
5024500	12220
2200750	11080
1812000	27625
7830250	554
10592000	21865
835000	6203
6412750	11080
7163250	2257
1561250	7105
3310750	4949
1189000	4949
3009000	5627
5143250	29547
7918750	7868
5467250	12394
10653250	2367
6564500	8278
6998500	29547
7854500	5848
3317500	29203
4256500	29547
6571000	18843
5522250	4949
8072250	4078
6515500	6104
1629250	24196
6849750	9620
6849750	19394
5226500	10840
1966250	7737
6694750	8689
5108000	2683
9215000	11196
11558000	12674
1074750	21865
3148500	3627
8040000	29203
1966250	2257
10653250	24869
3723750	12271
4625750	5848
3317500	3032
6061250	679
10642000	4949
6067750	7105
1531250	7105
11313000	11196
746000	3032
6564500	11176
5110750	19466
6400000	9567
5011500	7105
6140500	26722
1724250	24306
9586500	4571
4475750	2367
1620500	14887
8529750	23013
8149250	14020
854250	9620
9706000	2683
6849750	4571
6694750	14020
282500	2683
2874500	3032
3795000	12352
11984750	8689
5279750	27117
11129250	4949
6694750	4949
4475750	24869
5959000	26722
299750	18805
415500	20180
6205000	27446
9163000	9620
3363000	11176
892500	12352
4658500	25372
10944750	29547
5110750	14261
8940500	12168
8702500	12352
892500	12674
3592750	241
6003750	18843
8096750	8689
2200750	11176
10224750	21865
2921750	14020
9720000	8257
10401500	26722
5012750	25372
6848000	11196
38250	24196
5034000	17959
2476250	29231
6957500	25372
5407750	6352
1492500	8689
154500	29203
9906500	26722
2788750	2410
11535250	7105
2852250	14261
11957000	8689
9244000	6672
6061250	11176
3350250	12220
2492500	27791
5354000	14261
12142750	5848
8051750	18805
4184250	11176
5642000	2257
11313000	18075
8799750	9567
69500	9567
725000	25372
2253250	679
1782250	8637
452750	21865
11340250	2257
9811750	12220
4215750	15138
7854500	29203
12154500	7868
6694750	18024
2940000	12168
1911500	27791
10185750	2257
2807500	7963
8745250	679
6564500	18805
7787500	19217
7060500	9948
267250	25372
4902250	4571
3310750	26722
10976250	5848
8909750	21865
6099250	25372
5108000	26722
3031750	3228
9244000	18024
9586500	14261
2882750	679
9706000	2257
69500	6352
2771250	25366
4770500	28975
9906500	7868
452750	11176
11129250	143
2050000	8637
1812000	28410
10401500	19466
11949750	11080
341000	14020
10119250	2257
5238000	22359
10642000	20180
5952250	7812
7476250	23284
7854500	11080
1812000	26722
5522250	11176
7927750	7868
4184250	241
10443000	19466
2870250	24869
691500	7868
6564500	12394
1561250	143
6571000	679
3031750	8689
10229250	11767
9694750	27791
11535250	26722
9906500	12352
3625250	22482
4606000	14887
11711250	14020
9979000	12352
5336750	14020
1189000	11176
8702500	8257
3031750	18024
5642000	27511
7892000	9567
6713250	18805
2078000	24060
10628500	25372
3588500	10702
7892000	7850
6564500	19394
1381000	12220
4475750	18024
5034000	9620
3344750	11176
8940500	5848
7588000	14261
5110750	18805
9807250	4324
746000	2410
8163500	29547
11313000	21865
5238000	8637
1806750	29547
2870250	17606
5078750	25669
6957500	29203
5108000	19466
1561250	8689
2050000	21336
11313000	12394
8111500	2257
691500	12352
10401500	25329
9394250	3740
3249250	4571
19500	14261
2788750	14020
3031750	679
4876750	11080
4475750	18805
7143250	5848
5037000	27446
2891500	4949
6694750	8637
969750	2367
5440500	11080
5155750	14482
12275500	23779
2920750	3658
5264500	11176
2788750	25669
7703750	2257
1622500	23779
887750	11080
9513250	7868
2448250	21865
38250	11080
9069000	7868
3913250	7105
8163500	679
11632250	12220
10773000	2257
9069000	11176
8163500	7868
6874250	29547
5143250	8689
1629250	7868
7568250	4949
9351750	17214
4370750	25372
5082500	12220
3310750	2367
1194750	2683
9394250	4078
4153000	11080
6015000	1666
6849750	15584
8017000	15096
8040000	11176
7163250	18805
9069000	2257
1661750	15138
4153000	24196
10915250	18075
12142750	17214
4852500	14261
835000	29547
10592000	9620
7218000	2257
5264500	12394
9173750	24869
5078750	14261
10312750	3627
1561250	4949
8072250	14020
10309250	10702
1971500	18024
6897000	14261
8040000	10702
3148500	8689
2874500	6203
6205000	9948
9069000	19217
11313000	7868
9906500	8637
2103250	4078
3114000	17959
10533750	14482
1561250	14020
1525000	9620
236000	6104
11874000	3740
1531250	4949
2920750	11176
2168250	18002
8033500	18002
1966250	3627
5155750	11176
2975500	7105
3405000	8689
7163250	4571
3009000	27117
11535250	12220
10642000	2367
1046250	27791
9438000	12220
6996000	25366
10773000	6203
10840750	7105
1140750	3627
6694750	2367
1767500	17214
10628500	19394
11340250	7105
5012750	14261
11142000	4571
5108000	3627
9782000	527
11701500	24060
691500	26288
10642000	8637
691500	3032
1244250	1691
1909250	22280
7892000	18843
10492250	14020
5264500	16754
6301250	7868
5407750	17959
10401500	18805
599750	11080
7476250	4571
8051750	12541
1531250	3228
5407750	28410
5139250	24541
6897000	10171
5264500	25372
8149250	11176
5440750	12394
12377250	9567
1194750	3627
4035250	11176
11169500	27511
4770500	14020
1971500	527
7163250	11176
9671750	25372
10944750	679
8049000	7997
11984750	911
691500	29364
8040000	9620
2921750	143
4503500	11176
6564500	527
11129250	8637
9173750	18805
6264750	29203
8573000	6672
1074750	7105
8040000	19466
7854500	17958
1181250	7868
5962750	2683
10064500	22280
4370750	27791
10312750	18805
5745000	2257
6874250	8637
8243500	12220
1074750	28410
5082750	7868
1812000	7105
11984750	12352
8435250	11176
5024500	7737
7854500	26722
8649250	29203
4852000	6672
2921750	12352
417250	3627
1661750	11080
6921750	12220
5226250	7812
10840750	15584
9802000	19394
4184250	14261
9782500	11080
8909750	7812
5735000	11080
6003750	8637
8573000	3627
1140750	22313
3549000	27791
892500	8637
3114000	15138
4195500	25733
3031750	8637
8096750	25372
3009000	14261
5735000	7868
854250	11176
2771250	18805
1758250	27791
3524750	24541
1240250	14261
10312750	26728
10774750	6672
5037000	25329
8845250	14020
8040000	18805
9173750	4571
267250	679
8435250	11080
4215750	11176
599750	11176
8051750	11176
1617250	12168
6807250	14261
7483500	12068
2807500	9620
12388250	11176
3913250	12220
6258500	18805
2050000	8689
3592750	29547
8730250	3228
5655250	12586
11220500	3627
3266750	21865
5320000	911
2232500	3740
6564500	14261
7184500	19421
8149250	22280
3310750	3627
3257000	18805
5254500	6672
12275500	14020
10521000	3228
9592500	15584
7450000	24541
9344000	5848
6564500	17958
10063000	679
69500	18805
8845250	9620
19500	19466
984500	679
6061250	29547
892500	9657
5011500	25372
2771250	22359
6564500	26722
1966250	7105
11747250	9620
9671750	29203
1934750	23284
2078000	14020
8129250	20180
3644250	3228
2920750	2257
7854500	11176
7545250	22280
11300000	4571
5336750	12352
4195500	7737
7103000	25372
8111500	28410
10492250	18075
7892000	14261
5354000	26288
11701500	14020
6807250	12352
1247000	14261
11300000	11176
2480750	143
4184250	12220
854250	2257
3293750	18075
8845250	4571
10818500	14261
11340250	25366
11169500	25366
4184250	4949
10052000	6352
10642000	15138
5254500	11176
69500	24869
1622500	18024
200250	8689
1724000	11080
4852500	26728
7854500	19217
3282250	8689
5769750	29231
200250	11176
4035250	7963
2920750	7737
3795000	12220
725000	26722
11494250	18805
9288000	14020
6807250	24196
1561250	26722
4399750	679
200250	12352
11142000	12352
10063000	8689
10492250	11767
7143250	14482
10619000	7963
5143250	18024
11169500	7868
2364500	11080
1459750	554
7476250	7105
38250	15138
10539250	14020
11552750	11080
1971500	19217
10592000	12352
7927750	10893
1710500	12352
1074750	3228
9244000	8689
8702500	27791
12008000	241
2921750	24196
9694750	26728
4059500	24196
11129250	18805
2968250	8637
9586500	19217
1911500	26722
382250	14261
5254500	11196
11352000	11080
3981750	7105
10234000	4078
1104500	3228
7034000	25669
6700250	4949
6694750	7868
981000	18002
4184250	27446
528250	11196
1531250	24060
4378500	8689
2968250	8689
11313000	7963
6015000	8637
11131750	2410
1969000	12220
599750	29547
1104500	12168
6301250	25366
6564500	7868
8102000	12394
6683750	4078
11340250	12394
7892000	14020
232000	27511
5037000	9620
9438000	15019
8216500	2257
69500	143
2331750	15138
620500	11176
1966250	11196
5292000	18805
6619500	11767
418500	15138
10054250	679
2940000	11080
621500	7868
1046250	26722
1934750	25372
11313000	28017
1194750	6104
12377250	15138
2103250	22280
2033500	7868
981000	26722
8163500	4571
1561250	12352
3344750	17958
12234750	11080
9394250	25372
9173750	11196
12154500	27446
2788750	15138
10492250	12352
236000	911
10773000	24765
12377250	25669
2103250	22359
12154500	4571
10312750	24306
11896000	8637
5865750	911
5906250	3228
1046250	25329
2253250	18075
11131750	12271
2975500	21865
4625750	7868
3344750	26722
835000	27117
5769750	6104
5407750	15584
4852500	7868
2198750	12220
5034000	7868
190500	9620
1812000	7868
7450000	911
7450000	679
8051750	14020
847750	15138
10539250	27625
7184500	24541
6848750	21336
10443000	18805
8435250	18024
2874500	5848
7927750	14020
42000	23284
8040000	15138
6957500	10893
11440500	679
10443000	3627
8072250	22280
4257000	7868
6234000	6672
2975500	8689
7450000	6672
11307500	19421
6234000	2257
620500	14261
2688750	11176
5726500	17959
10642000	7868
5108000	7868
10443000	12271
6564500	19466
9694750	679
6874250	2257
1531250	143
12215000	14261
12154500	5470
1104500	2683
1140750	25669
3211250	11176
5655250	8637
6807250	679
3573750	18805
6807250	7868
10840750	12220
11939000	24869
776750	12352
7797000	10893
4547500	679
382250	26722
3954500	15584
776750	26722
5407750	29547
12331000	16821
8040000	18843
11129250	7868
6694750	17214
6247250	1666
10312750	6672
434750	4571
12229000	2257
11169500	14261
5199750	679
6564500	25329
5440750	911
5034000	679
2921750	18805
10064500	22583
3031750	15584
4922750	7868
6694750	29547
10234000	15811
2200750	18805
1531250	14020
5952250	14020
1758250	29547
10774750	911
3001000	11080
5780000	5848
1140750	2198
190500	7963
439000	2257
5320000	4078
8163500	9620
2448250	6104
5898500	23284
10566000	7868
892500	7868
4963500	22280
1966250	28410
83250	25329
3644250	8637
2078000	22280
2050000	27791
11142000	11080
7927750	9620
5254500	14020
4063000	12271
9123500	7868
5264500	26722
5655250	11196
4895250	4078
2921750	29547
4004500	554
6257000	25372
4153000	9620
8573000	22359
11612500	12220
9802000	26722
1531250	12168
6751750	5848
10533750	14261
2253250	11196
2737250	21865
7715000	11080
11129250	28410
9069000	8689
4782250	11176
5254500	12055
4257000	27511
10309250	12541
3644250	27791
12065000	24196
1724250	9567
2187500	29203
3592750	23407
2033500	8689
7163250	26722
10492250	12220
4186500	24196
5155750	18805
69500	22280
3954500	29547
5082750	29547
3719250	4078
2253250	7868
1710500	29547
1104500	26722
1381000	2257
3031750	29547
8111500	14261
1173500	24541
8799750	2683
6515500	18879
4133750	16754
10818500	5848
8271000	6104
2428500	25372
9069000	4949
5108000	14020
3588500	18024
6400000	17958
9394250	9620
12215000	679
439000	7105
5264500	5470
11701500	24196
3588500	5848
2033500	12220
848500	12394
7367000	14020
8216750	7868
1194750	11080
3363000	3627
3963750	19421
5024500	26722
5968250	21865
1531250	2198
5968250	22280
11730000	23779
9706000	2198
5011500	7850
5238000	143
3014750	15138
6957500	5848
8314250	6352
5780000	17959
10592000	4949
3781500	911
5264500	28410
4631250	8257
2386250	27625
4186500	15138
8617500	12220
9694750	6672
4475750	3658
6700250	14020
7892000	22280
4503500	3627
2448250	21911
2975500	11080
3981750	3228
11535250	14020
9706000	17214
10774750	8689
64000	15138
8628250	18180
11701500	22280
799000	23779
5011500	22280
7545250	14020
861250	25372
3031750	2410
3588500	14020
4967250	679
65500	26288
4047000	2257
6897000	6104
10840750	8689
83250	4220
65500	8637
4475750	14261
4447000	6672
2870250	23284
5910250	14482
5901250	22280
7927750	15661
5024500	12394
12016750	11176
4257000	18075
6247250	18075
7976750	25372
5655250	28410
7450000	28410
2316250	12271
1617250	8637
1561250	7868
3344750	12271
4186500	7105
10309250	18024
7476250	24541
1561250	679
11632250	25372
1528500	5848
10773000	143
3304500	24060
892500	22280
11632250	23861
10592000	28410
11947000	679
2103250	18075
3846250	12352
5962750	554
3114000	8689
5027500	25372
5336750	143
7218000	14261
6247250	10282
4782250	679
10401500	24541
2874500	8637
2078000	9620
12275500	24196
776750	12068
8051750	22280
4852000	26722
2808500	25372
4782250	26722
563500	12586
2797750	143
7699500	26288
4447000	3627
19500	4949
3288250	11176
6400000	2367
8701250	26728
9121750	16821
1446250	14887
2874500	12220
12239250	14261
2975500	7868
5642000	11176
8051750	24869
3549000	14261
6571000	6352
1561250	11080
11701500	29203
3344750	12220
3913250	26288
8129250	18805
2975500	11176
5264500	9472
835000	7868
11601500	19394
1911500	4949
5655250	21865
9842500	7868
9179500	12220
892500	24869
1661750	8689
2200750	12541
2975500	12352
11957000	7963
6619500	9472
12386500	2367
5037000	14020
1966250	11176
8149250	12220
11761750	15584
2807500	18024
5735000	5470
1906000	16754
8573000	14261
3344750	14020
3054250	14261
69500	15584
2331750	17214
1909250	2410
7060500	11080
1855750	7105
6654750	12352
64000	11080
10966250	8689
1617250	28410
8243500	17958
5642000	11080
6700250	16821
1118250	6672
11730000	18024
5238000	14261
12154500	11767
6848750	8689
8702500	4949
239250	18805
10628500	9567
6694750	679
8111500	17958
6564500	24060
7545250	12352
10774750	29203
10401500	7868
7600250	12352
5139250	11176
5239500	17959
4257000	11176
9906500	14261
8111500	26722
835000	26288
4956000	11196
200250	29203
4880250	6352
1492500	7868
8033500	16754
4153000	24541
984500	29547
3009000	24196
11552750	19217
12231250	14261
8702500	3228
7450000	4949
10229250	11176
3963750	11176
8940500	11767
2920750	22359
5078750	1031
8017000	9567
4631250	6672
1531250	12352
8195000	22280
1446250	14020
1528500	10840
7927750	15138
5959000	12352
7306250	11176
8195000	15138
5642000	25329
3257000	679
9592500	24541
4907500	25372
7513250	29203
5769750	6352
299750	19466
1561250	12168
371250	7680
2232500	11080
317500	4571
691500	17958
8102000	2683
969750	21628
9163000	29547
11313000	143
6998500	26728
11158000	7868
6150750	23779
5238000	4571
3588500	12674
10578000	18024
11894500	15138
12377250	27625
2852250	4949
4047000	27511
12377250	24196
5078750	19421
567250	11080
10052000	6548
9782500	27117
7060500	12287
8149250	7868
791500	1666
4782250	12271
6247250	9567
5155750	14261
4852000	15096
7163250	3627
2378500	8409
5906250	11176
1622500	11080
1492500	14261
8628250	11080
10443000	4949
9437500	12168
1622500	15405
5110750	15584
2033500	4571
2103250	18805
5110750	11176
8195000	15584
8353250	27117
5108000	12352
1381000	21865
8702500	11196
7450000	11176
1181250	15096
9982500	2683
3257000	6158
5238000	26722
8216500	4571
5187750	11080
5024500	3228
12154500	14261
3257000	8689
5910250	25372
11936000	12352
11734000	14261
2852250	5848
4059500	11176
9979000	7868
6694750	14261
11391250	10840
3249250	679
11552750	24869
5642000	18805
2232500	11176
4922750	15138
4625750	11176
10443000	18024
620500	10702
11601500	23407
11440500	15584
9694750	14020
236000	2452
4378500	11176
5959000	6672
2752000	17958
620500	9657
472000	11176
1074750	7868
1629250	18024
4097500	9620
6998500	3627
6564500	14020
591750	4220
6694750	9620
9463750	11196
11747250	28410
776750	12220
11613500	7105
2852250	26722
10774750	27446
5957500	14887
7600250	29547
5336750	7868
3588500	12352
439000	11080
3675000	8637
4059500	25372
854250	28017
3031750	23284
3913250	19217
4378500	7105
4907500	29203
5239500	15138
8845250	19686
5011500	11196
1531250	27625
1985250	24196
6694750	4571
7927750	3658
8435250	9567
6564500	22179
835000	25366
5898500	15019
4256500	19394
4376250	2367
5957500	8637
764750	29203
4035250	6352
3257000	3228
6257000	27446
5238000	19466
4503500	4949
528250	17958
984500	7868
1140750	15138
11129250	4571
3588500	24196
5238000	26728
9163000	14261
3913250	21865
1661750	7868
10653250	2452
11131750	10726
2688750	18805
620500	19466
4956000	9657
236000	9567
799000	26722
1622500	679
5239500	143
5012750	10726
10642000	25733
1617250	25372
4631250	11176
6412750	29203
8216500	29203
3031750	4571
11984750	4571
8248750	10893
6564500	143
3588500	3740
7703750	7868
9706000	22280
5110750	554
3245250	2257
1985250	15138
299750	14261
4025000	4571
9173750	14261
563500	4949
1792000	12586
1074750	2257
5655250	9472
8949750	7105
11730000	15661
12377250	11080
4922750	11080
282500	24541
9121750	6672
1074750	679
5655250	29203
4195500	27791
5959000	2257
5011500	18075
5108000	15584
7715000	7868
3520000	18805
190500	21865
2975500	25733
7116750	6672
7435500	11176
5254500	28975
2076000	18024
1953250	12352
1446250	11080
3592750	4571
4454500	8689
9694750	8689
9163000	2257
10642000	24869
3913250	12394
2480750	14020
11579750	11196
8195000	4078
8243500	11176
2103250	23779
2316250	14020
12231250	26288
9121750	11080
3031750	9620
5407750	14887
4215750	23013
12154500	20180
12371000	2257
2940000	2257
7218000	12271
5078750	679
5780000	7868
10521000	15138
3719250	25372
563500	2683
439000	29547
5828250	21865
6766250	29364
8702500	23779
2771250	22179
5959000	679
9802000	17214
65500	23284
1911500	22280
8435250	6672
4193750	17959
6150750	554
7568250	11176
8096750	19466
1492500	21865
8940500	24869
3288250	14261
3549000	17214
10976250	14482
3009000	11080
3031750	24984
5906250	27791
11158000	11080
11535250	11080
10229250	8689
5407750	5848
8573000	7868
5220750	24196
9807250	5848
8129250	8689
1074750	11196
11313000	14020
9512750	14261
10443000	12352
10401500	19421
2940000	27155
5655250	14261
3257000	11080
1617250	22359
10818500	7868
4852000	7868
5034000	15138
2874500	2257
3588500	11080
5139250	24306
1622500	18879
7715000	18002
5320000	3228
1140750	143
5407750	2257
472000	26722
2232500	19217
2076000	2367
11493000	8689
5264500	4949
2752000	18805
12215000	8689
11129250	26722
12377250	679
2232500	3627
6694750	2257
3581250	143
1724250	3228
2737250	9620
9173750	27446
4895250	5848
2078000	11080
5642000	4949
4814750	7868
4087750	29547
10944750	12055
8051750	12220
2253250	27791
1909250	28410
8523250	3032
3573750	4078
7898750	3228
3581250	18075
1561250	5470
776750	679
11984750	2257
3009000	11176
4844000	26722
3249250	11080
892500	21865
3581250	9567
10492250	22482
3588500	18805
12173500	3627
4956000	11080
5254500	7868
8314250	9567
8799750	7868
1710500	7868
5264500	12168
7306250	26722
6874250	26722
5037000	12068
2737250	4571
11579750	14261
3257000	15584
4257000	26722
8195000	18879
3404000	25669
2076000	16821
2428500	22246
393250	26722
8799750	2257
2737250	18805
2050000	23779
3249250	29547
5467250	24196
9173750	19466
7143250	23779
10312750	4571
3625250	7680
9035750	7850
9215000	14020
10492250	12586
4658500	24196
11142000	14887
9782000	3032
6412750	26722
11503250	26722
2331750	7868
9586500	11080
861750	4078
6619500	26722
5034000	11080
5264500	7105
4956000	14261
11896000	14020
5261000	11080
5226500	4571
1812000	3228
8940500	11196
3149000	12220
10653250	18843
10229250	15019
10052000	7812
11612500	12394
3031750	18075
8040000	3032
854250	18805
10234000	3740
19500	11176
341000	11080
1240250	12352
12377250	3228
4956000	11176
5642000	28410
11683250	25372
1446250	26722
10234000	24306
4399750	2683
2428500	26722
1194750	7737
2378500	25372
1688750	12220
7715000	27155
4063000	22280
8435250	7105
1324500	7868
7600250	6672
7545250	9657
6900500	4078
38250	4949
19500	11080
1492500	3228
4423500	23284
5780000	27117
5522250	12352
3913250	25372
7699500	18075
3310750	12220
2253250	14261
3363000	15138
10492250	2452
5011500	12220
11957000	3658
7898750	21911
621500	1666
6233750	18180
12231250	21865
3588500	28410
7184500	24306
7703750	11196
8040000	8792
7483500	21865
6266000	12220
10443000	143
3913250	12168
4059500	27446
11984750	14482
10533750	679
7116750	11196
10443000	7868
7600250	18805
10619000	12352
9972250	25372
