29 3 2 66.6667
83 10 9 90
143 8 2 25
155 16 4 25
217 6 5 83.3333
239 12 7 58.3333
241 7 6 85.7143
251 10 3 30
255 4 2 50
398 4 3 75
489 2 1 50
504 20 16 80
527 8 2 25
530 9 1 11.1111
542 2 1 50
554 22 16 72.7273
574 3 2 66.6667
614 5 2 40
642 2 1 50
679 16 4 25
749 4 2 50
768 2 1 50
819 2 1 50
845 2 1 50
905 40 39 97.5
911 26 22 84.6154
948 2 1 50
949 9 3 33.3333
953 4 2 50
1008 3 2 66.6667
1010 2 1 50
1015 2 1 50
1031 14 6 42.8571
1037 4 2 50
1079 2 1 50
1084 2 1 50
1222 3 1 33.3333
1325 3 2 66.6667
1335 5 1 20
1392 8 2 25
1461 5 1 20
1481 6 3 50
1565 2 1 50
1577 2 1 50
1591 3 1 33.3333
1598 3 2 66.6667
1666 3 1 33.3333
1672 2 1 50
1691 3 2 66.6667
1700 2 1 50
1758 4 2 50
1831 6 1 16.6667
2033 4 1 25
2160 2 1 50
2179 3 2 66.6667
2198 10 4 40
2199 2 1 50
2208 5 4 80
2257 24 19 79.1667
2367 23 15 65.2174
2368 3 2 66.6667
2410 2 1 50
2437 4 3 75
2438 3 2 66.6667
2452 10 8 80
2471 4 3 75
2513 11 8 72.7273
2568 5 3 60
2610 10 3 30
2626 2 1 50
2669 5 1 20
2683 86 75 87.2093
2729 4 1 25
2750 2 1 50
2803 6 5 83.3333
2963 11 2 18.1818
3032 11 5 45.4545
3068 4 1 25
3151 11 4 36.3636
3228 38 15 39.4737
3313 6 2 33.3333
3362 2 1 50
3384 2 1 50
3390 4 1 25
3438 5 1 20
3458 6 1 16.6667
3515 4 3 75
3592 2 1 50
3627 36 23 63.8889
3658 19 15 78.9474
3699 3 2 66.6667
3719 6 2 33.3333
3740 5 2 40
3775 2 1 50
3804 5 2 40
3809 3 1 33.3333
3817 2 1 50
3847 2 1 50
3954 2 1 50
4003 2 1 50
4039 7 2 28.5714
4059 4 1 25
4078 9 2 22.2222
4147 2 1 50
4220 15 7 46.6667
4239 2 1 50
4254 6 4 66.6667
4307 3 1 33.3333
4324 10 6 60
4381 3 2 66.6667
4452 12 9 75
4479 5 1 20
4571 20 2 10
4667 5 4 80
4709 5 3 60
4775 4 2 50
4846 2 1 50
4931 6 4 66.6667
4949 24 10 41.6667
4953 2 1 50
4960 3 1 33.3333
5067 6 3 50
5081 5 1 20
5086 8 3 37.5
5185 12 6 50
5267 4 2 50
5310 3 1 33.3333
5334 2 1 50
5336 10 6 60
5403 4 2 50
5443 3 1 33.3333
5470 3 2 66.6667
5574 2 1 50
5592 2 1 50
5593 2 1 50
5598 6 1 16.6667
5625 2 1 50
5627 10 9 90
5639 2 1 50
5640 2 1 50
5652 2 1 50
5764 2 1 50
5799 6 2 33.3333
5803 2 1 50
5814 4 2 50
5833 5 3 60
5848 10 4 40
5863 2 1 50
5883 10 9 90
5896 2 1 50
6096 9 4 44.4444
6098 2 1 50
6101 2 1 50
6104 5 2 40
6113 2 1 50
6148 3 1 33.3333
6152 2 1 50
6158 6 3 50
6175 2 1 50
6203 2 1 50
6211 3 2 66.6667
6246 10 8 80
6287 2 1 50
6305 3 1 33.3333
6326 3 1 33.3333
6352 6 1 16.6667
6505 2 1 50
6520 2 1 50
6548 4 1 25
6630 2 1 50
6672 8 4 50
6731 3 2 66.6667
6757 2 1 50
6988 8 6 75
7045 3 1 33.3333
7061 16 7 43.75
7071 4 1 25
7096 12 1 8.33333
7105 21 6 28.5714
7127 3 1 33.3333
7179 2 1 50
7260 7 4 57.1429
7286 2 1 50
7323 8 6 75
7380 2 1 50
7400 3 2 66.6667
7409 6 1 16.6667
7456 2 1 50
7465 4 1 25
7542 7 2 28.5714
7552 3 1 33.3333
7567 4 1 25
7576 2 1 50
7613 3 1 33.3333
7680 8 5 62.5
7692 5 1 20
7737 4 2 50
7812 4 2 50
7850 4 2 50
7868 124 90 72.5806
7936 4 1 25
7963 7 3 42.8571
7997 5 3 60
8027 7 6 85.7143
8049 3 1 33.3333
8148 6 4 66.6667
8226 2 1 50
8257 7 2 28.5714
8278 8 1 12.5
8307 2 1 50
8409 12 11 91.6667
8446 3 2 66.6667
8489 2 1 50
8637 26 10 38.4615
8643 6 5 83.3333
8689 43 23 53.4884
8693 9 6 66.6667
8719 4 1 25
8724 14 10 71.4286
8792 4 3 75
8842 4 1 25
8860 4 3 75
9072 2 1 50
9090 2 1 50
9111 18 7 38.8889
9165 3 1 33.3333
9193 4 2 50
9195 9 6 66.6667
9230 4 3 75
9242 3 2 66.6667
9275 2 1 50
9471 2 1 50
9472 11 6 54.5455
9479 2 1 50
9486 5 2 40
9522 2 1 50
9532 2 1 50
9549 6 3 50
9563 10 1 10
9567 10 4 40
9620 9 3 33.3333
9657 6 2 33.3333
9658 2 1 50
9688 2 1 50
9802 5 1 20
9804 2 1 50
9817 11 10 90.9091
9881 4 2 50
9948 3 2 66.6667
9985 6 5 83.3333
10014 10 2 20
10051 2 1 50
10171 2 1 50
10193 5 1 20
10240 4 3 75
10268 5 4 80
10282 5 3 60
10308 6 5 83.3333
10353 4 2 50
10404 6 3 50
10584 3 1 33.3333
10690 3 2 66.6667
10702 14 7 50
10726 5 2 40
10740 2 1 50
10778 3 1 33.3333
10840 5 1 20
10866 3 1 33.3333
10893 10 4 40
10908 4 1 25
10948 5 1 20
10949 3 1 33.3333
10970 6 3 50
11022 8 2 25
11052 6 5 83.3333
11061 2 1 50
11076 2 1 50
11080 28 7 25
11159 3 1 33.3333
11176 20 7 35
11196 68 44 64.7059
11201 12 7 58.3333
11244 3 2 66.6667
11263 2 1 50
11280 4 2 50
11304 2 1 50
11330 6 1 16.6667
11465 3 2 66.6667
11543 5 3 60
11612 5 4 80
11665 2 1 50
11679 20 4 20
11734 4 1 25
11767 5 4 80
11776 4 1 25
11790 5 1 20
11793 2 1 50
11823 2 1 50
11857 4 1 25
11882 9 8 88.8889
11904 2 1 50
11951 2 1 50
12008 2 1 50
12018 4 3 75
12055 7 5 71.4286
12068 16 7 43.75
12162 5 1 20
12168 27 23 85.1852
12189 3 2 66.6667
12220 19 7 36.8421
12243 2 1 50
12271 5 1 20
12285 20 1 5
12287 3 2 66.6667
12352 14 7 50
12394 14 8 57.1429
12426 2 1 50
12431 5 3 60
12453 4 2 50
12541 9 2 22.2222
12586 3 1 33.3333
12588 2 1 50
12606 7 1 14.2857
12674 5 1 20
12688 17 13 76.4706
12747 4 2 50
12795 5 3 60
12899 2 1 50
12927 3 2 66.6667
12977 20 6 30
13049 2 1 50
13054 2 1 50
13103 3 1 33.3333
13244 5 4 80
13247 6 4 66.6667
13390 10 7 70
13494 9 5 55.5556
13554 5 3 60
13592 8 1 12.5
13737 6 2 33.3333
13784 7 1 14.2857
13844 2 1 50
13975 3 1 33.3333
14020 42 14 33.3333
14048 6 1 16.6667
14065 4 1 25
14153 15 5 33.3333
14159 3 1 33.3333
14174 5 4 80
14182 3 1 33.3333
14209 5 4 80
14242 4 3 75
14261 40 25 62.5
14265 10 5 50
14294 7 1 14.2857
14415 5 1 20
14451 2 1 50
14482 8 1 12.5
14498 3 1 33.3333
14533 3 1 33.3333
14550 2 1 50
14575 3 2 66.6667
14625 2 1 50
14694 12 9 75
14780 2 1 50
14796 5 3 60
14873 4 2 50
14887 2 1 50
14894 4 1 25
14902 13 5 38.4615
14930 4 2 50
14969 5 4 80
15018 4 1 25
15019 22 14 63.6364
15094 2 1 50
15096 3 1 33.3333
15138 15 3 20
15258 2 1 50
15269 6 5 83.3333
15307 4 3 75
15308 4 2 50
15315 15 2 13.3333
15322 2 1 50
15365 3 2 66.6667
15405 5 4 80
15414 2 1 50
15423 6 3 50
15432 4 3 75
15584 30 20 66.6667
15631 12 10 83.3333
15661 4 2 50
15686 3 2 66.6667
15799 7 5 71.4286
15811 4 3 75
15814 3 2 66.6667
15828 2 1 50
15831 4 1 25
15859 2 1 50
15907 2 1 50
15911 4 2 50
15924 2 1 50
15934 7 1 14.2857
16100 2 1 50
16110 9 3 33.3333
16217 3 2 66.6667
16243 3 1 33.3333
16331 6 1 16.6667
16361 2 1 50
16406 15 9 60
16463 18 3 16.6667
16500 3 1 33.3333
16540 14 3 21.4286
16602 2 1 50
16653 3 2 66.6667
16674 2 1 50
16716 3 2 66.6667
16722 8 2 25
16754 3 1 33.3333
16800 2 1 50
16818 7 2 28.5714
16821 7 5 71.4286
16865 2 1 50
16913 4 1 25
16972 2 1 50
17013 2 1 50
17020 2 1 50
17061 6 4 66.6667
17084 2 1 50
17118 2 1 50
17133 3 1 33.3333
17153 4 1 25
17180 6 5 83.3333
17214 7 1 14.2857
17228 6 5 83.3333
17237 3 1 33.3333
17244 2 1 50
17389 12 11 91.6667
17400 5 3 60
17401 2 1 50
17407 2 1 50
17438 2 1 50
17449 2 1 50
17453 2 1 50
17512 4 2 50
17606 6 5 83.3333
17640 11 9 81.8182
17706 6 2 33.3333
17748 8 4 50
17823 3 1 33.3333
17835 5 2 40
17958 2 1 50
17959 8 2 25
17972 3 1 33.3333
17977 2 1 50
18002 9 4 44.4444
18024 36 11 30.5556
18051 2 1 50
18075 20 7 35
18080 2 1 50
18086 2 1 50
18097 3 1 33.3333
18131 2 1 50
18180 18 10 55.5556
18185 2 1 50
18200 3 2 66.6667
18273 2 1 50
18290 2 1 50
18388 4 1 25
18519 2 1 50
18529 2 1 50
18678 3 1 33.3333
18730 15 1 6.66667
18736 15 9 60
18741 10 2 20
18805 23 7 30.4348
18843 3 2 66.6667
18868 5 1 20
18879 10 9 90
18905 4 2 50
18937 2 1 50
18977 3 2 66.6667
18990 17 11 64.7059
19005 7 6 85.7143
19179 2 1 50
19197 4 3 75
19217 5 1 20
19394 8 2 25
19421 5 1 20
19466 2 1 50
19523 11 10 90.9091
19615 5 1 20
19632 5 2 40
19643 2 1 50
19660 12 11 91.6667
19686 2 1 50
19745 3 2 66.6667
19862 11 10 90.9091
19891 6 2 33.3333
19937 2 1 50
19974 10 1 10
19993 5 2 40
20037 3 2 66.6667
20045 6 4 66.6667
20143 7 6 85.7143
20180 8 4 50
20297 14 4 28.5714
20300 4 1 25
20367 2 1 50
20386 6 4 66.6667
20456 4 1 25
20470 2 1 50
20506 6 4 66.6667
20516 2 1 50
20519 2 1 50
20536 11 8 72.7273
20551 6 1 16.6667
20578 15 13 86.6667
20585 2 1 50
20661 7 1 14.2857
20679 2 1 50
20747 3 2 66.6667
20826 3 2 66.6667
20902 4 1 25
20979 16 7 43.75
21067 7 1 14.2857
21140 2 1 50
21160 2 1 50
21225 2 1 50
21336 16 9 56.25
21372 4 1 25
21392 4 1 25
21565 6 3 50
21581 2 1 50
21628 2 1 50
21632 3 2 66.6667
21657 5 1 20
21693 2 1 50
21768 2 1 50
21833 2 1 50
21865 17 6 35.2941
21883 4 1 25
21911 5 3 60
21930 8 5 62.5
21936 2 1 50
21975 6 4 66.6667
22027 2 1 50
22029 4 2 50
22087 5 4 80
22094 7 4 57.1429
22126 12 6 50
22179 5 2 40
22246 17 16 94.1176
22269 2 1 50
22280 12 3 25
22313 6 2 33.3333
22317 4 3 75
22321 3 2 66.6667
22359 9 2 22.2222
22393 11 7 63.6364
22482 4 3 75
22484 18 17 94.4444
22529 4 3 75
22552 17 16 94.1176
22556 8 3 37.5
22583 6 3 50
22621 4 2 50
22664 5 4 80
22727 3 2 66.6667
22749 11 3 27.2727
22950 4 3 75
22963 2 1 50
23013 7 3 42.8571
23143 5 1 20
23198 2 1 50
23207 6 5 83.3333
23284 19 12 63.1579
23295 2 1 50
23340 2 1 50
23403 2 1 50
23407 2 1 50
23470 2 1 50
23482 6 3 50
23549 13 7 53.8462
23563 2 1 50
23584 3 2 66.6667
23612 10 8 80
23628 19 5 26.3158
23656 8 3 37.5
23735 4 3 75
23774 10 4 40
23779 21 9 42.8571
23861 8 2 25
23907 2 1 50
23928 20 6 30
24060 3 2 66.6667
24081 3 2 66.6667
24088 2 1 50
24193 11 8 72.7273
24196 14 6 42.8571
24242 3 2 66.6667
24281 3 1 33.3333
24306 3 2 66.6667
24344 3 2 66.6667
24459 3 1 33.3333
24461 10 9 90
24486 2 1 50
24503 12 10 83.3333
24506 2 1 50
24541 8 2 25
24571 5 4 80
24601 11 1 9.09091
24645 4 3 75
24669 11 2 18.1818
24704 3 1 33.3333
24715 3 2 66.6667
24765 6 5 83.3333
24780 3 1 33.3333
24788 3 1 33.3333
24831 3 2 66.6667
24841 6 5 83.3333
24869 14 2 14.2857
24886 5 1 20
24887 3 2 66.6667
24929 5 1 20
24942 6 5 83.3333
24966 2 1 50
24984 3 1 33.3333
25022 3 2 66.6667
25058 6 5 83.3333
25086 8 3 37.5
25117 2 1 50
25169 7 3 42.8571
25193 6 4 66.6667
25212 4 3 75
25260 7 4 57.1429
25289 2 1 50
25329 9 2 22.2222
25333 12 11 91.6667
25366 17 13 76.4706
25372 12 4 33.3333
25415 7 6 85.7143
25420 4 2 50
25483 10 8 80
25635 3 2 66.6667
25669 4 1 25
25687 2 1 50
25733 4 1 25
25917 5 1 20
26000 2 1 50
26087 2 1 50
26168 11 10 90.9091
26288 21 13 61.9048
26394 5 2 40
26404 2 1 50
26464 2 1 50
26523 9 2 22.2222
26576 4 1 25
26614 14 6 42.8571
26619 10 2 20
26665 2 1 50
26699 6 1 16.6667
26722 27 24 88.8889
26728 7 4 57.1429
26866 2 1 50
26871 2 1 50
26894 2 1 50
26959 2 1 50
26969 4 3 75
27035 3 1 33.3333
27056 3 2 66.6667
27117 21 17 80.9524
27155 4 1 25
27160 2 1 50
27205 8 2 25
27346 4 1 25
27394 2 1 50
27406 3 2 66.6667
27407 3 1 33.3333
27415 3 2 66.6667
27446 2 1 50
27511 3 2 66.6667
27514 3 1 33.3333
27615 3 1 33.3333
27618 2 1 50
27625 14 6 42.8571
27637 5 1 20
27638 10 8 80
27791 58 22 37.931
27927 4 1 25
27950 2 1 50
27977 2 1 50
28017 16 14 87.5
28049 3 2 66.6667
28164 5 4 80
28169 2 1 50
28184 5 2 40
28270 15 7 46.6667
28370 4 1 25
28410 5 2 40
28438 3 1 33.3333
28453 3 2 66.6667
28463 9 4 44.4444
28481 8 2 25
28525 3 2 66.6667
28653 19 13 68.4211
28752 4 1 25
28759 6 5 83.3333
28876 4 2 50
28924 13 10 76.9231
28975 6 1 16.6667
29078 3 1 33.3333
29099 32 5 15.625
29202 6 3 50
29203 14 3 21.4286
29225 2 1 50
29231 3 2 66.6667
29265 2 1 50
29364 2 1 50
29445 3 1 33.3333
29446 3 2 66.6667
29465 4 1 25
29473 2 1 50
29547 7 2 28.5714
